{
  "field" : "golden",
  "symmetry" : "icosahedral",
  "orientations" : [ [ 1.0, 0.0, 0.0, 0.0, 0.0, 1.0, 0.0, 0.0, 0.0, 0.0, 1.0, 0.0, 0.0, 0.0, 0.0, 1.0 ], [ 0.0, 0.0, 1.0, 0.0, 1.0, 0.0, 0.0, 0.0, 0.0, 1.0, 0.0, 0.0, 0.0, 0.0, 0.0, 1.0 ], [ 0.0, 1.0, 0.0, 0.0, 0.0, 0.0, 1.0, 0.0, 1.0, 0.0, 0.0, 0.0, 0.0, 0.0, 0.0, 1.0 ], [ 0.809017, 0.309017, 0.5, 0.0, 0.309017, 0.5, -0.809017, 0.0, -0.5, 0.809017, 0.309017, 0.0, 0.0, 0.0, 0.0, 1.0 ], [ -0.5, 0.809017, 0.309017, 0.0, 0.809017, 0.309017, 0.5, 0.0, 0.309017, 0.5, -0.809017, 0.0, 0.0, 0.0, 0.0, 1.0 ], [ 0.309017, 0.5, -0.809017, 0.0, -0.5, 0.809017, 0.309017, 0.0, 0.809017, 0.309017, 0.5, 0.0, 0.0, 0.0, 0.0, 1.0 ], [ 0.5, 0.809017, 0.309017, 0.0, 0.809017, -0.309017, -0.5, 0.0, -0.309017, 0.5, -0.809017, 0.0, 0.0, 0.0, 0.0, 1.0 ], [ -0.309017, 0.5, -0.809017, 0.0, 0.5, 0.809017, 0.309017, 0.0, 0.809017, -0.309017, -0.5, 0.0, 0.0, 0.0, 0.0, 1.0 ], [ 0.809017, -0.309017, -0.5, 0.0, -0.309017, 0.5, -0.809017, 0.0, 0.5, 0.809017, 0.309017, 0.0, 0.0, 0.0, 0.0, 1.0 ], [ 0.5, 0.809017, -0.309017, 0.0, 0.809017, -0.309017, 0.5, 0.0, 0.309017, -0.5, -0.809017, 0.0, 0.0, 0.0, 0.0, 1.0 ], [ 0.309017, -0.5, -0.809017, 0.0, 0.5, 0.809017, -0.309017, 0.0, 0.809017, -0.309017, 0.5, 0.0, 0.0, 0.0, 0.0, 1.0 ], [ 0.809017, -0.309017, 0.5, 0.0, 0.309017, -0.5, -0.809017, 0.0, 0.5, 0.809017, -0.309017, 0.0, 0.0, 0.0, 0.0, 1.0 ], [ 0.809017, 0.309017, -0.5, 0.0, 0.309017, 0.5, 0.809017, 0.0, 0.5, -0.809017, 0.309017, 0.0, 0.0, 0.0, 0.0, 1.0 ], [ 0.5, -0.809017, 0.309017, 0.0, 0.809017, 0.309017, -0.5, 0.0, 0.309017, 0.5, 0.809017, 0.0, 0.0, 0.0, 0.0, 1.0 ], [ 0.309017, 0.5, 0.809017, 0.0, 0.5, -0.809017, 0.309017, 0.0, 0.809017, 0.309017, -0.5, 0.0, 0.0, 0.0, 0.0, 1.0 ], [ 1.0, 0.0, 0.0, 0.0, 0.0, -1.0, 0.0, 0.0, 0.0, 0.0, -1.0, 0.0, 0.0, 0.0, 0.0, 1.0 ], [ 0.0, 0.0, 1.0, 0.0, -1.0, 0.0, 0.0, 0.0, 0.0, -1.0, 0.0, 0.0, 0.0, 0.0, 0.0, 1.0 ], [ 0.0, 1.0, 0.0, 0.0, 0.0, 0.0, -1.0, 0.0, -1.0, 0.0, 0.0, 0.0, 0.0, 0.0, 0.0, 1.0 ], [ 0.809017, 0.309017, 0.5, 0.0, -0.309017, -0.5, 0.809017, 0.0, 0.5, -0.809017, -0.309017, 0.0, 0.0, 0.0, 0.0, 1.0 ], [ -0.5, 0.809017, 0.309017, 0.0, -0.809017, -0.309017, -0.5, 0.0, -0.309017, -0.5, 0.809017, 0.0, 0.0, 0.0, 0.0, 1.0 ], [ 0.309017, 0.5, -0.809017, 0.0, 0.5, -0.809017, -0.309017, 0.0, -0.809017, -0.309017, -0.5, 0.0, 0.0, 0.0, 0.0, 1.0 ], [ 0.5, 0.809017, 0.309017, 0.0, -0.809017, 0.309017, 0.5, 0.0, 0.309017, -0.5, 0.809017, 0.0, 0.0, 0.0, 0.0, 1.0 ], [ -0.309017, 0.5, -0.809017, 0.0, -0.5, -0.809017, -0.309017, 0.0, -0.809017, 0.309017, 0.5, 0.0, 0.0, 0.0, 0.0, 1.0 ], [ 0.809017, -0.309017, -0.5, 0.0, 0.309017, -0.5, 0.809017, 0.0, -0.5, -0.809017, -0.309017, 0.0, 0.0, 0.0, 0.0, 1.0 ], [ 0.5, 0.809017, -0.309017, 0.0, -0.809017, 0.309017, -0.5, 0.0, -0.309017, 0.5, 0.809017, 0.0, 0.0, 0.0, 0.0, 1.0 ], [ 0.309017, -0.5, -0.809017, 0.0, -0.5, -0.809017, 0.309017, 0.0, -0.809017, 0.309017, -0.5, 0.0, 0.0, 0.0, 0.0, 1.0 ], [ 0.809017, -0.309017, 0.5, 0.0, -0.309017, 0.5, 0.809017, 0.0, -0.5, -0.809017, 0.309017, 0.0, 0.0, 0.0, 0.0, 1.0 ], [ 0.809017, 0.309017, -0.5, 0.0, -0.309017, -0.5, -0.809017, 0.0, -0.5, 0.809017, -0.309017, 0.0, 0.0, 0.0, 0.0, 1.0 ], [ 0.5, -0.809017, 0.309017, 0.0, -0.809017, -0.309017, 0.5, 0.0, -0.309017, -0.5, -0.809017, 0.0, 0.0, 0.0, 0.0, 1.0 ], [ 0.309017, 0.5, 0.809017, 0.0, -0.5, 0.809017, -0.309017, 0.0, -0.809017, -0.309017, 0.5, 0.0, 0.0, 0.0, 0.0, 1.0 ], [ -1.0, 0.0, 0.0, 0.0, 0.0, -1.0, 0.0, 0.0, 0.0, 0.0, 1.0, 0.0, 0.0, 0.0, 0.0, 1.0 ], [ 0.0, 0.0, -1.0, 0.0, -1.0, 0.0, 0.0, 0.0, 0.0, 1.0, 0.0, 0.0, 0.0, 0.0, 0.0, 1.0 ], [ 0.0, -1.0, 0.0, 0.0, 0.0, 0.0, -1.0, 0.0, 1.0, 0.0, 0.0, 0.0, 0.0, 0.0, 0.0, 1.0 ], [ -0.809017, -0.309017, -0.5, 0.0, -0.309017, -0.5, 0.809017, 0.0, -0.5, 0.809017, 0.309017, 0.0, 0.0, 0.0, 0.0, 1.0 ], [ 0.5, -0.809017, -0.309017, 0.0, -0.809017, -0.309017, -0.5, 0.0, 0.309017, 0.5, -0.809017, 0.0, 0.0, 0.0, 0.0, 1.0 ], [ -0.309017, -0.5, 0.809017, 0.0, 0.5, -0.809017, -0.309017, 0.0, 0.809017, 0.309017, 0.5, 0.0, 0.0, 0.0, 0.0, 1.0 ], [ -0.5, -0.809017, -0.309017, 0.0, -0.809017, 0.309017, 0.5, 0.0, -0.309017, 0.5, -0.809017, 0.0, 0.0, 0.0, 0.0, 1.0 ], [ 0.309017, -0.5, 0.809017, 0.0, -0.5, -0.809017, -0.309017, 0.0, 0.809017, -0.309017, -0.5, 0.0, 0.0, 0.0, 0.0, 1.0 ], [ -0.809017, 0.309017, 0.5, 0.0, 0.309017, -0.5, 0.809017, 0.0, 0.5, 0.809017, 0.309017, 0.0, 0.0, 0.0, 0.0, 1.0 ], [ -0.5, -0.809017, 0.309017, 0.0, -0.809017, 0.309017, -0.5, 0.0, 0.309017, -0.5, -0.809017, 0.0, 0.0, 0.0, 0.0, 1.0 ], [ -0.309017, 0.5, 0.809017, 0.0, -0.5, -0.809017, 0.309017, 0.0, 0.809017, -0.309017, 0.5, 0.0, 0.0, 0.0, 0.0, 1.0 ], [ -0.809017, 0.309017, -0.5, 0.0, -0.309017, 0.5, 0.809017, 0.0, 0.5, 0.809017, -0.309017, 0.0, 0.0, 0.0, 0.0, 1.0 ], [ -0.809017, -0.309017, 0.5, 0.0, -0.309017, -0.5, -0.809017, 0.0, 0.5, -0.809017, 0.309017, 0.0, 0.0, 0.0, 0.0, 1.0 ], [ -0.5, 0.809017, -0.309017, 0.0, -0.809017, -0.309017, 0.5, 0.0, 0.309017, 0.5, 0.809017, 0.0, 0.0, 0.0, 0.0, 1.0 ], [ -0.309017, -0.5, -0.809017, 0.0, -0.5, 0.809017, -0.309017, 0.0, 0.809017, 0.309017, -0.5, 0.0, 0.0, 0.0, 0.0, 1.0 ], [ -1.0, 0.0, 0.0, 0.0, 0.0, 1.0, 0.0, 0.0, 0.0, 0.0, -1.0, 0.0, 0.0, 0.0, 0.0, 1.0 ], [ 0.0, 0.0, -1.0, 0.0, 1.0, 0.0, 0.0, 0.0, 0.0, -1.0, 0.0, 0.0, 0.0, 0.0, 0.0, 1.0 ], [ 0.0, -1.0, 0.0, 0.0, 0.0, 0.0, 1.0, 0.0, -1.0, 0.0, 0.0, 0.0, 0.0, 0.0, 0.0, 1.0 ], [ -0.809017, -0.309017, -0.5, 0.0, 0.309017, 0.5, -0.809017, 0.0, 0.5, -0.809017, -0.309017, 0.0, 0.0, 0.0, 0.0, 1.0 ], [ 0.5, -0.809017, -0.309017, 0.0, 0.809017, 0.309017, 0.5, 0.0, -0.309017, -0.5, 0.809017, 0.0, 0.0, 0.0, 0.0, 1.0 ], [ -0.309017, -0.5, 0.809017, 0.0, -0.5, 0.809017, 0.309017, 0.0, -0.809017, -0.309017, -0.5, 0.0, 0.0, 0.0, 0.0, 1.0 ], [ -0.5, -0.809017, -0.309017, 0.0, 0.809017, -0.309017, -0.5, 0.0, 0.309017, -0.5, 0.809017, 0.0, 0.0, 0.0, 0.0, 1.0 ], [ 0.309017, -0.5, 0.809017, 0.0, 0.5, 0.809017, 0.309017, 0.0, -0.809017, 0.309017, 0.5, 0.0, 0.0, 0.0, 0.0, 1.0 ], [ -0.809017, 0.309017, 0.5, 0.0, -0.309017, 0.5, -0.809017, 0.0, -0.5, -0.809017, -0.309017, 0.0, 0.0, 0.0, 0.0, 1.0 ], [ -0.5, -0.809017, 0.309017, 0.0, 0.809017, -0.309017, 0.5, 0.0, -0.309017, 0.5, 0.809017, 0.0, 0.0, 0.0, 0.0, 1.0 ], [ -0.309017, 0.5, 0.809017, 0.0, 0.5, 0.809017, -0.309017, 0.0, -0.809017, 0.309017, -0.5, 0.0, 0.0, 0.0, 0.0, 1.0 ], [ -0.809017, 0.309017, -0.5, 0.0, 0.309017, -0.5, -0.809017, 0.0, -0.5, -0.809017, 0.309017, 0.0, 0.0, 0.0, 0.0, 1.0 ], [ -0.809017, -0.309017, 0.5, 0.0, 0.309017, 0.5, 0.809017, 0.0, -0.5, 0.809017, -0.309017, 0.0, 0.0, 0.0, 0.0, 1.0 ], [ -0.5, 0.809017, -0.309017, 0.0, 0.809017, 0.309017, -0.5, 0.0, -0.309017, -0.5, -0.809017, 0.0, 0.0, 0.0, 0.0, 1.0 ], [ -0.309017, -0.5, -0.809017, 0.0, 0.5, -0.809017, 0.309017, 0.0, -0.809017, -0.309017, 0.5, 0.0, 0.0, 0.0, 0.0, 1.0 ] ],
  "lights" : {
    "directionalLights" : [ {
      "direction" : [ 1.0, -1.0, -1.0 ],
      "color" : "#EBEBE4"
    }, {
      "direction" : [ -1.0, 0.0, 0.0 ],
      "color" : "#E4E4EB"
    }, {
      "direction" : [ 0.0, 0.0, -1.0 ],
      "color" : "#1E1E1E"
    } ],
    "ambientColor" : "#292929",
    "backgroundColor" : "#AFC8DC"
  },
  "camera" : {
    "position" : {
      "x" : 13.139412,
      "y" : -99.53841,
      "z" : 41.73693
    },
    "lookDirection" : {
      "x" : -0.12084299,
      "y" : 0.9154534,
      "z" : -0.38385397
    },
    "upDirection" : {
      "x" : -0.8966485,
      "y" : 0.06525416,
      "z" : 0.43790415
    },
    "lookAtPoint" : {
      "x" : 0.0,
      "y" : 0.0,
      "z" : 0.0
    },
    "perspective" : true,
    "viewDistance" : 108.73127,
    "nearClipDistance" : 0.27182817,
    "farClipDistance" : 217.46254,
    "fieldOfView" : 0.44262886,
    "width" : 48.92907,
    "stereo" : false
  },
  "embedding" : [ 1.0, 0.0, 0.0, 0.0, 0.0, 1.0, 0.0, 0.0, 0.0, 0.0, 1.0, 0.0, 0.0, 0.0, 0.0, 1.0 ],
  "shapes" : [ {
    "id" : "f97d6bc1-25d1-4162-b1b4-3b303b1f2cef",
    "orbit" : "blue",
    "orbitC" : "[[0,0,1],[0,0,1]]",
    "length" : "[1,0,1]",
    "name" : "b1",
    "vertices" : [ {
      "x" : 7.472136,
      "y" : 0.309017,
      "z" : 0.19098301
    }, {
      "x" : 7.472136,
      "y" : 0.309017,
      "z" : -0.19098301
    }, {
      "x" : 1.0,
      "y" : 0.309017,
      "z" : -0.19098301
    }, {
      "x" : 1.0,
      "y" : 0.309017,
      "z" : 0.19098301
    }, {
      "x" : 7.472136,
      "y" : -0.309017,
      "z" : 0.19098301
    }, {
      "x" : 1.0,
      "y" : -0.309017,
      "z" : 0.19098301
    }, {
      "x" : 1.0,
      "y" : -0.309017,
      "z" : -0.19098301
    }, {
      "x" : 7.472136,
      "y" : -0.309017,
      "z" : -0.19098301
    }, {
      "x" : 8.472136,
      "y" : 0.0,
      "z" : 0.0
    } ],
    "faces" : [ {
      "vertices" : [ 1, 7, 6 ]
    }, {
      "vertices" : [ 1, 6, 2 ]
    }, {
      "vertices" : [ 0, 1, 2 ]
    }, {
      "vertices" : [ 0, 2, 3 ]
    }, {
      "vertices" : [ 4, 5, 6 ]
    }, {
      "vertices" : [ 4, 6, 7 ]
    }, {
      "vertices" : [ 0, 3, 5 ]
    }, {
      "vertices" : [ 0, 5, 4 ]
    } ]
  }, {
    "id" : "99240270-76ee-450c-888e-b9ab23be8006",
    "vertices" : [ {
      "x" : 0.0,
      "y" : 0.0,
      "z" : 0.0
    }, {
      "x" : -4.236068,
      "y" : -1.618034,
      "z" : -11.09017
    }, {
      "x" : -2.618034,
      "y" : 9.472136,
      "z" : -6.854102
    } ],
    "faces" : [ {
      "vertices" : [ 0, 1, 2 ]
    }, {
      "vertices" : [ 0, 2, 1 ]
    } ]
  }, {
    "id" : "6f2e6975-be10-49bb-978d-ba18e087692b",
    "vertices" : [ {
      "x" : 0.0,
      "y" : 0.0,
      "z" : 0.0
    }, {
      "x" : 1.618034,
      "y" : 11.09017,
      "z" : 4.236068
    }, {
      "x" : 4.236068,
      "y" : 1.618034,
      "z" : 11.09017
    } ],
    "faces" : [ {
      "vertices" : [ 0, 1, 2 ]
    }, {
      "vertices" : [ 0, 2, 1 ]
    } ]
  }, {
    "id" : "78eac0fd-684e-4137-8024-e876ff91722d",
    "vertices" : [ {
      "x" : 0.0,
      "y" : 0.0,
      "z" : 0.0
    }, {
      "x" : -1.618034,
      "y" : 11.09017,
      "z" : -4.236068
    }, {
      "x" : 2.618034,
      "y" : 9.472136,
      "z" : 6.854102
    } ],
    "faces" : [ {
      "vertices" : [ 0, 1, 2 ]
    }, {
      "vertices" : [ 0, 2, 1 ]
    } ]
  }, {
    "id" : "9cfc698a-d4b8-4b17-bf18-7feeb3b1b94e",
    "vertices" : [ {
      "x" : 0.0,
      "y" : 0.0,
      "z" : 0.0
    }, {
      "x" : -2.618034,
      "y" : -9.472136,
      "z" : -6.854102
    }, {
      "x" : -4.236068,
      "y" : 1.618034,
      "z" : -11.09017
    } ],
    "faces" : [ {
      "vertices" : [ 0, 1, 2 ]
    }, {
      "vertices" : [ 0, 2, 1 ]
    } ]
  }, {
    "id" : "30b7f09d-b24b-4086-a86c-672bf69a06ce",
    "vertices" : [ {
      "x" : 0.0,
      "y" : 0.0,
      "z" : 0.0
    }, {
      "x" : -1.618034,
      "y" : -11.09017,
      "z" : -4.236068
    }, {
      "x" : -4.236068,
      "y" : -1.618034,
      "z" : -11.09017
    } ],
    "faces" : [ {
      "vertices" : [ 0, 1, 2 ]
    }, {
      "vertices" : [ 0, 2, 1 ]
    } ]
  }, {
    "id" : "d4289b1a-f5f6-43fe-8a09-b5dd93241415",
    "vertices" : [ {
      "x" : 0.0,
      "y" : 0.0,
      "z" : 0.0
    }, {
      "x" : 2.618034,
      "y" : -9.472136,
      "z" : 6.854102
    }, {
      "x" : -1.618034,
      "y" : -11.09017,
      "z" : -4.236068
    } ],
    "faces" : [ {
      "vertices" : [ 0, 1, 2 ]
    }, {
      "vertices" : [ 0, 2, 1 ]
    } ]
  }, {
    "id" : "675f3852-869a-41cb-9dcc-3ab9c85111df",
    "name" : "ball",
    "vertices" : [ {
      "x" : 0.309017,
      "y" : -0.809017,
      "z" : 0.618034
    }, {
      "x" : 0.809017,
      "y" : -0.618034,
      "z" : 0.309017
    }, {
      "x" : 0.618034,
      "y" : -0.309017,
      "z" : 0.809017
    }, {
      "x" : 1.0,
      "y" : 0.309017,
      "z" : 0.19098301
    }, {
      "x" : 0.809017,
      "y" : 0.618034,
      "z" : 0.309017
    }, {
      "x" : 0.618034,
      "y" : 0.309017,
      "z" : 0.809017
    }, {
      "x" : 0.809017,
      "y" : 0.0,
      "z" : 0.690983
    }, {
      "x" : 0.19098301,
      "y" : -1.0,
      "z" : 0.309017
    }, {
      "x" : -0.19098301,
      "y" : -1.0,
      "z" : 0.309017
    }, {
      "x" : -0.19098301,
      "y" : -1.0,
      "z" : -0.309017
    }, {
      "x" : 0.19098301,
      "y" : -1.0,
      "z" : -0.309017
    }, {
      "x" : 1.0,
      "y" : -0.309017,
      "z" : -0.19098301
    }, {
      "x" : 0.809017,
      "y" : -0.618034,
      "z" : -0.309017
    }, {
      "x" : 0.618034,
      "y" : -0.309017,
      "z" : -0.809017
    }, {
      "x" : 0.809017,
      "y" : 0.0,
      "z" : -0.690983
    }, {
      "x" : 0.0,
      "y" : 0.690983,
      "z" : -0.809017
    }, {
      "x" : 0.309017,
      "y" : 0.809017,
      "z" : -0.618034
    }, {
      "x" : 0.618034,
      "y" : 0.309017,
      "z" : -0.809017
    }, {
      "x" : 0.309017,
      "y" : 0.19098301,
      "z" : -1.0
    }, {
      "x" : 1.0,
      "y" : 0.309017,
      "z" : -0.19098301
    }, {
      "x" : -0.309017,
      "y" : -0.809017,
      "z" : 0.618034
    }, {
      "x" : 0.0,
      "y" : -0.690983,
      "z" : 0.809017
    }, {
      "x" : 0.809017,
      "y" : 0.618034,
      "z" : -0.309017
    }, {
      "x" : 0.690983,
      "y" : 0.809017,
      "z" : 0.0
    }, {
      "x" : -0.690983,
      "y" : 0.809017,
      "z" : 0.0
    }, {
      "x" : -0.809017,
      "y" : 0.618034,
      "z" : 0.309017
    }, {
      "x" : -0.309017,
      "y" : 0.809017,
      "z" : 0.618034
    }, {
      "x" : -0.19098301,
      "y" : 1.0,
      "z" : 0.309017
    }, {
      "x" : 0.309017,
      "y" : -0.19098301,
      "z" : -1.0
    }, {
      "x" : 0.19098301,
      "y" : 1.0,
      "z" : 0.309017
    }, {
      "x" : 0.309017,
      "y" : 0.809017,
      "z" : 0.618034
    }, {
      "x" : -0.809017,
      "y" : -0.618034,
      "z" : 0.309017
    }, {
      "x" : -0.690983,
      "y" : -0.809017,
      "z" : 0.0
    }, {
      "x" : 0.0,
      "y" : 0.690983,
      "z" : 0.809017
    }, {
      "x" : 0.309017,
      "y" : -0.809017,
      "z" : -0.618034
    }, {
      "x" : 0.0,
      "y" : -0.690983,
      "z" : -0.809017
    }, {
      "x" : -1.0,
      "y" : 0.309017,
      "z" : 0.19098301
    }, {
      "x" : -0.809017,
      "y" : 0.0,
      "z" : 0.690983
    }, {
      "x" : -0.618034,
      "y" : 0.309017,
      "z" : 0.809017
    }, {
      "x" : 1.0,
      "y" : -0.309017,
      "z" : 0.19098301
    }, {
      "x" : -0.309017,
      "y" : -0.809017,
      "z" : -0.618034
    }, {
      "x" : -1.0,
      "y" : 0.309017,
      "z" : -0.19098301
    }, {
      "x" : -1.0,
      "y" : -0.309017,
      "z" : -0.19098301
    }, {
      "x" : -1.0,
      "y" : -0.309017,
      "z" : 0.19098301
    }, {
      "x" : 0.19098301,
      "y" : 1.0,
      "z" : -0.309017
    }, {
      "x" : -0.809017,
      "y" : 0.618034,
      "z" : -0.309017
    }, {
      "x" : -0.19098301,
      "y" : 1.0,
      "z" : -0.309017
    }, {
      "x" : -0.309017,
      "y" : 0.809017,
      "z" : -0.618034
    }, {
      "x" : -0.618034,
      "y" : -0.309017,
      "z" : 0.809017
    }, {
      "x" : 0.309017,
      "y" : 0.19098301,
      "z" : 1.0
    }, {
      "x" : -0.309017,
      "y" : 0.19098301,
      "z" : -1.0
    }, {
      "x" : -0.309017,
      "y" : 0.19098301,
      "z" : 1.0
    }, {
      "x" : -0.309017,
      "y" : -0.19098301,
      "z" : 1.0
    }, {
      "x" : 0.309017,
      "y" : -0.19098301,
      "z" : 1.0
    }, {
      "x" : 0.690983,
      "y" : -0.809017,
      "z" : 0.0
    }, {
      "x" : -0.809017,
      "y" : 0.0,
      "z" : -0.690983
    }, {
      "x" : -0.618034,
      "y" : -0.309017,
      "z" : -0.809017
    }, {
      "x" : -0.309017,
      "y" : -0.19098301,
      "z" : -1.0
    }, {
      "x" : -0.618034,
      "y" : 0.309017,
      "z" : -0.809017
    }, {
      "x" : -0.809017,
      "y" : -0.618034,
      "z" : -0.309017
    } ],
    "faces" : [ {
      "vertices" : [ 9, 40, 35 ]
    }, {
      "vertices" : [ 9, 35, 34 ]
    }, {
      "vertices" : [ 9, 34, 10 ]
    }, {
      "vertices" : [ 0, 1, 2 ]
    }, {
      "vertices" : [ 33, 51, 49 ]
    }, {
      "vertices" : [ 25, 36, 37 ]
    }, {
      "vertices" : [ 25, 37, 38 ]
    }, {
      "vertices" : [ 41, 55, 42 ]
    }, {
      "vertices" : [ 9, 32, 59 ]
    }, {
      "vertices" : [ 9, 59, 40 ]
    }, {
      "vertices" : [ 20, 21, 52 ]
    }, {
      "vertices" : [ 20, 52, 48 ]
    }, {
      "vertices" : [ 26, 33, 30 ]
    }, {
      "vertices" : [ 26, 30, 29 ]
    }, {
      "vertices" : [ 26, 29, 27 ]
    }, {
      "vertices" : [ 3, 4, 5 ]
    }, {
      "vertices" : [ 3, 5, 6 ]
    }, {
      "vertices" : [ 27, 29, 44 ]
    }, {
      "vertices" : [ 27, 44, 46 ]
    }, {
      "vertices" : [ 50, 57, 56 ]
    }, {
      "vertices" : [ 50, 56, 55 ]
    }, {
      "vertices" : [ 50, 55, 58 ]
    }, {
      "vertices" : [ 26, 38, 51 ]
    }, {
      "vertices" : [ 26, 51, 33 ]
    }, {
      "vertices" : [ 45, 47, 58 ]
    }, {
      "vertices" : [ 18, 28, 57 ]
    }, {
      "vertices" : [ 18, 57, 50 ]
    }, {
      "vertices" : [ 40, 59, 56 ]
    }, {
      "vertices" : [ 31, 48, 37 ]
    }, {
      "vertices" : [ 31, 37, 43 ]
    }, {
      "vertices" : [ 7, 8, 9 ]
    }, {
      "vertices" : [ 7, 9, 10 ]
    }, {
      "vertices" : [ 36, 41, 42 ]
    }, {
      "vertices" : [ 36, 42, 43 ]
    }, {
      "vertices" : [ 24, 46, 47 ]
    }, {
      "vertices" : [ 24, 47, 45 ]
    }, {
      "vertices" : [ 4, 30, 5 ]
    }, {
      "vertices" : [ 15, 47, 46 ]
    }, {
      "vertices" : [ 15, 46, 44 ]
    }, {
      "vertices" : [ 15, 44, 16 ]
    }, {
      "vertices" : [ 15, 50, 58 ]
    }, {
      "vertices" : [ 15, 58, 47 ]
    }, {
      "vertices" : [ 24, 45, 41 ]
    }, {
      "vertices" : [ 24, 41, 36 ]
    }, {
      "vertices" : [ 24, 36, 25 ]
    }, {
      "vertices" : [ 11, 14, 19 ]
    }, {
      "vertices" : [ 3, 6, 39 ]
    }, {
      "vertices" : [ 1, 39, 6 ]
    }, {
      "vertices" : [ 1, 6, 2 ]
    }, {
      "vertices" : [ 8, 32, 9 ]
    }, {
      "vertices" : [ 11, 12, 13 ]
    }, {
      "vertices" : [ 11, 13, 14 ]
    }, {
      "vertices" : [ 16, 22, 17 ]
    }, {
      "vertices" : [ 0, 21, 20 ]
    }, {
      "vertices" : [ 0, 20, 8 ]
    }, {
      "vertices" : [ 0, 8, 7 ]
    }, {
      "vertices" : [ 12, 34, 13 ]
    }, {
      "vertices" : [ 35, 40, 56 ]
    }, {
      "vertices" : [ 35, 56, 57 ]
    }, {
      "vertices" : [ 0, 7, 54 ]
    }, {
      "vertices" : [ 0, 54, 1 ]
    }, {
      "vertices" : [ 15, 16, 17 ]
    }, {
      "vertices" : [ 15, 17, 18 ]
    }, {
      "vertices" : [ 3, 19, 22 ]
    }, {
      "vertices" : [ 3, 22, 23 ]
    }, {
      "vertices" : [ 3, 23, 4 ]
    }, {
      "vertices" : [ 7, 10, 54 ]
    }, {
      "vertices" : [ 41, 45, 58 ]
    }, {
      "vertices" : [ 41, 58, 55 ]
    }, {
      "vertices" : [ 3, 39, 11 ]
    }, {
      "vertices" : [ 3, 11, 19 ]
    }, {
      "vertices" : [ 14, 17, 22 ]
    }, {
      "vertices" : [ 14, 22, 19 ]
    }, {
      "vertices" : [ 0, 2, 53 ]
    }, {
      "vertices" : [ 0, 53, 21 ]
    }, {
      "vertices" : [ 49, 51, 52 ]
    }, {
      "vertices" : [ 49, 52, 53 ]
    }, {
      "vertices" : [ 31, 43, 42 ]
    }, {
      "vertices" : [ 31, 42, 59 ]
    }, {
      "vertices" : [ 31, 59, 32 ]
    }, {
      "vertices" : [ 15, 18, 50 ]
    }, {
      "vertices" : [ 42, 55, 56 ]
    }, {
      "vertices" : [ 42, 56, 59 ]
    }, {
      "vertices" : [ 4, 23, 29 ]
    }, {
      "vertices" : [ 4, 29, 30 ]
    }, {
      "vertices" : [ 25, 38, 26 ]
    }, {
      "vertices" : [ 13, 28, 18 ]
    }, {
      "vertices" : [ 13, 18, 17 ]
    }, {
      "vertices" : [ 13, 17, 14 ]
    }, {
      "vertices" : [ 8, 20, 31 ]
    }, {
      "vertices" : [ 8, 31, 32 ]
    }, {
      "vertices" : [ 23, 44, 29 ]
    }, {
      "vertices" : [ 24, 27, 46 ]
    }, {
      "vertices" : [ 37, 48, 52 ]
    }, {
      "vertices" : [ 37, 52, 51 ]
    }, {
      "vertices" : [ 37, 51, 38 ]
    }, {
      "vertices" : [ 20, 48, 31 ]
    }, {
      "vertices" : [ 24, 25, 26 ]
    }, {
      "vertices" : [ 24, 26, 27 ]
    }, {
      "vertices" : [ 16, 44, 23 ]
    }, {
      "vertices" : [ 16, 23, 22 ]
    }, {
      "vertices" : [ 13, 34, 35 ]
    }, {
      "vertices" : [ 13, 35, 28 ]
    }, {
      "vertices" : [ 10, 34, 12 ]
    }, {
      "vertices" : [ 10, 12, 54 ]
    }, {
      "vertices" : [ 2, 6, 5 ]
    }, {
      "vertices" : [ 2, 5, 49 ]
    }, {
      "vertices" : [ 2, 49, 53 ]
    }, {
      "vertices" : [ 36, 43, 37 ]
    }, {
      "vertices" : [ 5, 30, 33 ]
    }, {
      "vertices" : [ 5, 33, 49 ]
    }, {
      "vertices" : [ 1, 54, 12 ]
    }, {
      "vertices" : [ 1, 12, 11 ]
    }, {
      "vertices" : [ 1, 11, 39 ]
    }, {
      "vertices" : [ 28, 35, 57 ]
    }, {
      "vertices" : [ 21, 53, 52 ]
    } ]
  } ],
  "instances" : [ {
    "shape" : "f97d6bc1-25d1-4162-b1b4-3b303b1f2cef",
    "color" : "#008EC2",
    "position" : {
      "x" : 0.0,
      "y" : 0.0,
      "z" : 0.0
    },
    "orientation" : 2
  }, {
    "shape" : "99240270-76ee-450c-888e-b9ab23be8006",
    "color" : "#CC0000",
    "position" : {
      "x" : -4.236068,
      "y" : -6.854102,
      "z" : 2.618034
    },
    "orientation" : 19
  }, {
    "shape" : "f97d6bc1-25d1-4162-b1b4-3b303b1f2cef",
    "color" : "#008EC2",
    "position" : {
      "x" : 0.0,
      "y" : 0.0,
      "z" : 0.0
    },
    "orientation" : 45
  }, {
    "shape" : "6f2e6975-be10-49bb-978d-ba18e087692b",
    "color" : "#00CCFF",
    "position" : {
      "x" : 0.0,
      "y" : 0.0,
      "z" : 8.472136
    },
    "orientation" : 39
  }, {
    "shape" : "78eac0fd-684e-4137-8024-e876ff91722d",
    "color" : "#00CCFF",
    "position" : {
      "x" : 0.0,
      "y" : 0.0,
      "z" : -8.472136
    },
    "orientation" : 3
  }, {
    "shape" : "f97d6bc1-25d1-4162-b1b4-3b303b1f2cef",
    "color" : "#008EC2",
    "position" : {
      "x" : 0.0,
      "y" : 0.0,
      "z" : 0.0
    },
    "orientation" : 47
  }, {
    "shape" : "78eac0fd-684e-4137-8024-e876ff91722d",
    "color" : "#FF33FF",
    "position" : {
      "x" : -4.236068,
      "y" : 6.854102,
      "z" : -2.618034
    },
    "orientation" : 30
  }, {
    "shape" : "9cfc698a-d4b8-4b17-bf18-7feeb3b1b94e",
    "color" : "#00CCFF",
    "position" : {
      "x" : 0.0,
      "y" : 0.0,
      "z" : 8.472136
    },
    "orientation" : 5
  }, {
    "shape" : "78eac0fd-684e-4137-8024-e876ff91722d",
    "color" : "#9999FF",
    "position" : {
      "x" : 2.618034,
      "y" : 4.236068,
      "z" : -6.854102
    },
    "orientation" : 54
  }, {
    "shape" : "30b7f09d-b24b-4086-a86c-672bf69a06ce",
    "color" : "#00CCFF",
    "position" : {
      "x" : 0.0,
      "y" : 0.0,
      "z" : -8.472136
    },
    "orientation" : 9
  }, {
    "shape" : "78eac0fd-684e-4137-8024-e876ff91722d",
    "color" : "#FF33FF",
    "position" : {
      "x" : -2.618034,
      "y" : -4.236068,
      "z" : -6.854102
    },
    "orientation" : 24
  }, {
    "shape" : "78eac0fd-684e-4137-8024-e876ff91722d",
    "color" : "#FF33FF",
    "position" : {
      "x" : -4.236068,
      "y" : 6.854102,
      "z" : -2.618034
    },
    "orientation" : 6
  }, {
    "shape" : "99240270-76ee-450c-888e-b9ab23be8006",
    "color" : "#FF33FF",
    "position" : {
      "x" : 4.236068,
      "y" : -6.854102,
      "z" : 2.618034
    },
    "orientation" : 8
  }, {
    "shape" : "78eac0fd-684e-4137-8024-e876ff91722d",
    "color" : "#9999FF",
    "position" : {
      "x" : 4.236068,
      "y" : -6.854102,
      "z" : -2.618034
    },
    "orientation" : 0
  }, {
    "shape" : "78eac0fd-684e-4137-8024-e876ff91722d",
    "color" : "#9999FF",
    "position" : {
      "x" : -2.618034,
      "y" : -4.236068,
      "z" : 6.854102
    },
    "orientation" : 16
  }, {
    "shape" : "78eac0fd-684e-4137-8024-e876ff91722d",
    "color" : "#CCFF33",
    "position" : {
      "x" : 6.854102,
      "y" : -2.618034,
      "z" : -4.236068
    },
    "orientation" : 8
  }, {
    "shape" : "6f2e6975-be10-49bb-978d-ba18e087692b",
    "color" : "#9999FF",
    "position" : {
      "x" : -6.854102,
      "y" : -2.618034,
      "z" : -4.236068
    },
    "orientation" : 38
  }, {
    "shape" : "30b7f09d-b24b-4086-a86c-672bf69a06ce",
    "color" : "#00CCFF",
    "position" : {
      "x" : 0.0,
      "y" : 0.0,
      "z" : 8.472136
    },
    "orientation" : 24
  }, {
    "shape" : "99240270-76ee-450c-888e-b9ab23be8006",
    "color" : "#9999FF",
    "position" : {
      "x" : -2.618034,
      "y" : -4.236068,
      "z" : 6.854102
    },
    "orientation" : 5
  }, {
    "shape" : "78eac0fd-684e-4137-8024-e876ff91722d",
    "color" : "#CCFF33",
    "position" : {
      "x" : 2.618034,
      "y" : -4.236068,
      "z" : 6.854102
    },
    "orientation" : 39
  }, {
    "shape" : "78eac0fd-684e-4137-8024-e876ff91722d",
    "color" : "#CC0000",
    "position" : {
      "x" : -2.618034,
      "y" : 4.236068,
      "z" : 6.854102
    },
    "orientation" : 9
  }, {
    "shape" : "99240270-76ee-450c-888e-b9ab23be8006",
    "color" : "#00CCFF",
    "position" : {
      "x" : 0.0,
      "y" : 8.472136,
      "z" : 0.0
    },
    "orientation" : 54
  }, {
    "shape" : "78eac0fd-684e-4137-8024-e876ff91722d",
    "color" : "#CCFF33",
    "position" : {
      "x" : -2.618034,
      "y" : 4.236068,
      "z" : -6.854102
    },
    "orientation" : 22
  }, {
    "shape" : "78eac0fd-684e-4137-8024-e876ff91722d",
    "color" : "#CC0000",
    "position" : {
      "x" : -6.854102,
      "y" : 2.618034,
      "z" : -4.236068
    },
    "orientation" : 38
  }, {
    "shape" : "99240270-76ee-450c-888e-b9ab23be8006",
    "color" : "#00CCFF",
    "position" : {
      "x" : 0.0,
      "y" : -8.472136,
      "z" : 0.0
    },
    "orientation" : 24
  }, {
    "shape" : "99240270-76ee-450c-888e-b9ab23be8006",
    "color" : "#CCFF33",
    "position" : {
      "x" : -6.854102,
      "y" : 2.618034,
      "z" : 4.236068
    },
    "orientation" : 30
  }, {
    "shape" : "78eac0fd-684e-4137-8024-e876ff91722d",
    "color" : "#CC0000",
    "position" : {
      "x" : -6.854102,
      "y" : 2.618034,
      "z" : -4.236068
    },
    "orientation" : 17
  }, {
    "shape" : "78eac0fd-684e-4137-8024-e876ff91722d",
    "color" : "#CCFF33",
    "position" : {
      "x" : -2.618034,
      "y" : 4.236068,
      "z" : -6.854102
    },
    "orientation" : 1
  }, {
    "shape" : "f97d6bc1-25d1-4162-b1b4-3b303b1f2cef",
    "color" : "#008EC2",
    "position" : {
      "x" : 0.0,
      "y" : 0.0,
      "z" : 0.0
    },
    "orientation" : 16
  }, {
    "shape" : "6f2e6975-be10-49bb-978d-ba18e087692b",
    "color" : "#CC0000",
    "position" : {
      "x" : -6.854102,
      "y" : 2.618034,
      "z" : -4.236068
    },
    "orientation" : 1
  }, {
    "shape" : "78eac0fd-684e-4137-8024-e876ff91722d",
    "color" : "#FF33FF",
    "position" : {
      "x" : -6.854102,
      "y" : -2.618034,
      "z" : 4.236068
    },
    "orientation" : 2
  }, {
    "shape" : "6f2e6975-be10-49bb-978d-ba18e087692b",
    "color" : "#FF33FF",
    "position" : {
      "x" : -6.854102,
      "y" : -2.618034,
      "z" : 4.236068
    },
    "orientation" : 16
  }, {
    "shape" : "99240270-76ee-450c-888e-b9ab23be8006",
    "color" : "#CCFF33",
    "position" : {
      "x" : 6.854102,
      "y" : -2.618034,
      "z" : -4.236068
    },
    "orientation" : 3
  }, {
    "shape" : "99240270-76ee-450c-888e-b9ab23be8006",
    "color" : "#9999FF",
    "position" : {
      "x" : -6.854102,
      "y" : -2.618034,
      "z" : -4.236068
    },
    "orientation" : 22
  }, {
    "shape" : "f97d6bc1-25d1-4162-b1b4-3b303b1f2cef",
    "color" : "#008EC2",
    "position" : {
      "x" : 0.0,
      "y" : 0.0,
      "z" : 0.0
    },
    "orientation" : 1
  }, {
    "shape" : "d4289b1a-f5f6-43fe-8a09-b5dd93241415",
    "color" : "#00CCFF",
    "position" : {
      "x" : 8.472136,
      "y" : 0.0,
      "z" : 0.0
    },
    "orientation" : 9
  }, {
    "shape" : "99240270-76ee-450c-888e-b9ab23be8006",
    "color" : "#CCFF33",
    "position" : {
      "x" : -6.854102,
      "y" : 2.618034,
      "z" : 4.236068
    },
    "orientation" : 7
  }, {
    "shape" : "99240270-76ee-450c-888e-b9ab23be8006",
    "color" : "#FF33FF",
    "position" : {
      "x" : -4.236068,
      "y" : 6.854102,
      "z" : -2.618034
    },
    "orientation" : 4
  }, {
    "shape" : "78eac0fd-684e-4137-8024-e876ff91722d",
    "color" : "#CC0000",
    "position" : {
      "x" : -4.236068,
      "y" : -6.854102,
      "z" : 2.618034
    },
    "orientation" : 21
  }, {
    "shape" : "f97d6bc1-25d1-4162-b1b4-3b303b1f2cef",
    "color" : "#008EC2",
    "position" : {
      "x" : 0.0,
      "y" : 0.0,
      "z" : 0.0
    },
    "orientation" : 0
  }, {
    "shape" : "6f2e6975-be10-49bb-978d-ba18e087692b",
    "color" : "#CC0000",
    "position" : {
      "x" : -4.236068,
      "y" : -6.854102,
      "z" : 2.618034
    },
    "orientation" : 2
  }, {
    "shape" : "99240270-76ee-450c-888e-b9ab23be8006",
    "color" : "#9999FF",
    "position" : {
      "x" : 2.618034,
      "y" : 4.236068,
      "z" : -6.854102
    },
    "orientation" : 6
  }, {
    "shape" : "6f2e6975-be10-49bb-978d-ba18e087692b",
    "color" : "#CCFF33",
    "position" : {
      "x" : -4.236068,
      "y" : -6.854102,
      "z" : -2.618034
    },
    "orientation" : 21
  }, {
    "shape" : "675f3852-869a-41cb-9dcc-3ab9c85111df",
    "color" : "#FFFFFF",
    "position" : {
      "x" : 0.0,
      "y" : 0.0,
      "z" : 0.0
    }
  }, {
    "shape" : "78eac0fd-684e-4137-8024-e876ff91722d",
    "color" : "#9999FF",
    "position" : {
      "x" : -2.618034,
      "y" : -4.236068,
      "z" : 6.854102
    },
    "orientation" : 7
  }, {
    "shape" : "99240270-76ee-450c-888e-b9ab23be8006",
    "color" : "#FF33FF",
    "position" : {
      "x" : -2.618034,
      "y" : -4.236068,
      "z" : -6.854102
    },
    "orientation" : 17
  }, {
    "shape" : "6f2e6975-be10-49bb-978d-ba18e087692b",
    "color" : "#CC0000",
    "position" : {
      "x" : 2.618034,
      "y" : -4.236068,
      "z" : -6.854102
    },
    "orientation" : 0
  } ],
  "scenes" : [ ],
  "snapshots" : [ ]
}