{
  "polygons" : "true",
  "field" : "golden",
  "symmetry" : "icosahedral",
  "orientations" : [ [ 1.0, 0.0, 0.0, 0.0, 0.0, 1.0, 0.0, 0.0, 0.0, 0.0, 1.0, 0.0, 0.0, 0.0, 0.0, 1.0 ], [ 0.0, 0.0, 1.0, 0.0, 1.0, 0.0, 0.0, 0.0, 0.0, 1.0, 0.0, 0.0, 0.0, 0.0, 0.0, 1.0 ], [ 0.0, 1.0, 0.0, 0.0, 0.0, 0.0, 1.0, 0.0, 1.0, 0.0, 0.0, 0.0, 0.0, 0.0, 0.0, 1.0 ], [ 0.809017, 0.309017, 0.5, 0.0, 0.309017, 0.5, -0.809017, 0.0, -0.5, 0.809017, 0.309017, 0.0, 0.0, 0.0, 0.0, 1.0 ], [ -0.5, 0.809017, 0.309017, 0.0, 0.809017, 0.309017, 0.5, 0.0, 0.309017, 0.5, -0.809017, 0.0, 0.0, 0.0, 0.0, 1.0 ], [ 0.309017, 0.5, -0.809017, 0.0, -0.5, 0.809017, 0.309017, 0.0, 0.809017, 0.309017, 0.5, 0.0, 0.0, 0.0, 0.0, 1.0 ], [ 0.5, 0.809017, 0.309017, 0.0, 0.809017, -0.309017, -0.5, 0.0, -0.309017, 0.5, -0.809017, 0.0, 0.0, 0.0, 0.0, 1.0 ], [ -0.309017, 0.5, -0.809017, 0.0, 0.5, 0.809017, 0.309017, 0.0, 0.809017, -0.309017, -0.5, 0.0, 0.0, 0.0, 0.0, 1.0 ], [ 0.809017, -0.309017, -0.5, 0.0, -0.309017, 0.5, -0.809017, 0.0, 0.5, 0.809017, 0.309017, 0.0, 0.0, 0.0, 0.0, 1.0 ], [ 0.5, 0.809017, -0.309017, 0.0, 0.809017, -0.309017, 0.5, 0.0, 0.309017, -0.5, -0.809017, 0.0, 0.0, 0.0, 0.0, 1.0 ], [ 0.309017, -0.5, -0.809017, 0.0, 0.5, 0.809017, -0.309017, 0.0, 0.809017, -0.309017, 0.5, 0.0, 0.0, 0.0, 0.0, 1.0 ], [ 0.809017, -0.309017, 0.5, 0.0, 0.309017, -0.5, -0.809017, 0.0, 0.5, 0.809017, -0.309017, 0.0, 0.0, 0.0, 0.0, 1.0 ], [ 0.809017, 0.309017, -0.5, 0.0, 0.309017, 0.5, 0.809017, 0.0, 0.5, -0.809017, 0.309017, 0.0, 0.0, 0.0, 0.0, 1.0 ], [ 0.5, -0.809017, 0.309017, 0.0, 0.809017, 0.309017, -0.5, 0.0, 0.309017, 0.5, 0.809017, 0.0, 0.0, 0.0, 0.0, 1.0 ], [ 0.309017, 0.5, 0.809017, 0.0, 0.5, -0.809017, 0.309017, 0.0, 0.809017, 0.309017, -0.5, 0.0, 0.0, 0.0, 0.0, 1.0 ], [ 1.0, 0.0, 0.0, 0.0, 0.0, -1.0, 0.0, 0.0, 0.0, 0.0, -1.0, 0.0, 0.0, 0.0, 0.0, 1.0 ], [ 0.0, 0.0, 1.0, 0.0, -1.0, 0.0, 0.0, 0.0, 0.0, -1.0, 0.0, 0.0, 0.0, 0.0, 0.0, 1.0 ], [ 0.0, 1.0, 0.0, 0.0, 0.0, 0.0, -1.0, 0.0, -1.0, 0.0, 0.0, 0.0, 0.0, 0.0, 0.0, 1.0 ], [ 0.809017, 0.309017, 0.5, 0.0, -0.309017, -0.5, 0.809017, 0.0, 0.5, -0.809017, -0.309017, 0.0, 0.0, 0.0, 0.0, 1.0 ], [ -0.5, 0.809017, 0.309017, 0.0, -0.809017, -0.309017, -0.5, 0.0, -0.309017, -0.5, 0.809017, 0.0, 0.0, 0.0, 0.0, 1.0 ], [ 0.309017, 0.5, -0.809017, 0.0, 0.5, -0.809017, -0.309017, 0.0, -0.809017, -0.309017, -0.5, 0.0, 0.0, 0.0, 0.0, 1.0 ], [ 0.5, 0.809017, 0.309017, 0.0, -0.809017, 0.309017, 0.5, 0.0, 0.309017, -0.5, 0.809017, 0.0, 0.0, 0.0, 0.0, 1.0 ], [ -0.309017, 0.5, -0.809017, 0.0, -0.5, -0.809017, -0.309017, 0.0, -0.809017, 0.309017, 0.5, 0.0, 0.0, 0.0, 0.0, 1.0 ], [ 0.809017, -0.309017, -0.5, 0.0, 0.309017, -0.5, 0.809017, 0.0, -0.5, -0.809017, -0.309017, 0.0, 0.0, 0.0, 0.0, 1.0 ], [ 0.5, 0.809017, -0.309017, 0.0, -0.809017, 0.309017, -0.5, 0.0, -0.309017, 0.5, 0.809017, 0.0, 0.0, 0.0, 0.0, 1.0 ], [ 0.309017, -0.5, -0.809017, 0.0, -0.5, -0.809017, 0.309017, 0.0, -0.809017, 0.309017, -0.5, 0.0, 0.0, 0.0, 0.0, 1.0 ], [ 0.809017, -0.309017, 0.5, 0.0, -0.309017, 0.5, 0.809017, 0.0, -0.5, -0.809017, 0.309017, 0.0, 0.0, 0.0, 0.0, 1.0 ], [ 0.809017, 0.309017, -0.5, 0.0, -0.309017, -0.5, -0.809017, 0.0, -0.5, 0.809017, -0.309017, 0.0, 0.0, 0.0, 0.0, 1.0 ], [ 0.5, -0.809017, 0.309017, 0.0, -0.809017, -0.309017, 0.5, 0.0, -0.309017, -0.5, -0.809017, 0.0, 0.0, 0.0, 0.0, 1.0 ], [ 0.309017, 0.5, 0.809017, 0.0, -0.5, 0.809017, -0.309017, 0.0, -0.809017, -0.309017, 0.5, 0.0, 0.0, 0.0, 0.0, 1.0 ], [ -1.0, 0.0, 0.0, 0.0, 0.0, -1.0, 0.0, 0.0, 0.0, 0.0, 1.0, 0.0, 0.0, 0.0, 0.0, 1.0 ], [ 0.0, 0.0, -1.0, 0.0, -1.0, 0.0, 0.0, 0.0, 0.0, 1.0, 0.0, 0.0, 0.0, 0.0, 0.0, 1.0 ], [ 0.0, -1.0, 0.0, 0.0, 0.0, 0.0, -1.0, 0.0, 1.0, 0.0, 0.0, 0.0, 0.0, 0.0, 0.0, 1.0 ], [ -0.809017, -0.309017, -0.5, 0.0, -0.309017, -0.5, 0.809017, 0.0, -0.5, 0.809017, 0.309017, 0.0, 0.0, 0.0, 0.0, 1.0 ], [ 0.5, -0.809017, -0.309017, 0.0, -0.809017, -0.309017, -0.5, 0.0, 0.309017, 0.5, -0.809017, 0.0, 0.0, 0.0, 0.0, 1.0 ], [ -0.309017, -0.5, 0.809017, 0.0, 0.5, -0.809017, -0.309017, 0.0, 0.809017, 0.309017, 0.5, 0.0, 0.0, 0.0, 0.0, 1.0 ], [ -0.5, -0.809017, -0.309017, 0.0, -0.809017, 0.309017, 0.5, 0.0, -0.309017, 0.5, -0.809017, 0.0, 0.0, 0.0, 0.0, 1.0 ], [ 0.309017, -0.5, 0.809017, 0.0, -0.5, -0.809017, -0.309017, 0.0, 0.809017, -0.309017, -0.5, 0.0, 0.0, 0.0, 0.0, 1.0 ], [ -0.809017, 0.309017, 0.5, 0.0, 0.309017, -0.5, 0.809017, 0.0, 0.5, 0.809017, 0.309017, 0.0, 0.0, 0.0, 0.0, 1.0 ], [ -0.5, -0.809017, 0.309017, 0.0, -0.809017, 0.309017, -0.5, 0.0, 0.309017, -0.5, -0.809017, 0.0, 0.0, 0.0, 0.0, 1.0 ], [ -0.309017, 0.5, 0.809017, 0.0, -0.5, -0.809017, 0.309017, 0.0, 0.809017, -0.309017, 0.5, 0.0, 0.0, 0.0, 0.0, 1.0 ], [ -0.809017, 0.309017, -0.5, 0.0, -0.309017, 0.5, 0.809017, 0.0, 0.5, 0.809017, -0.309017, 0.0, 0.0, 0.0, 0.0, 1.0 ], [ -0.809017, -0.309017, 0.5, 0.0, -0.309017, -0.5, -0.809017, 0.0, 0.5, -0.809017, 0.309017, 0.0, 0.0, 0.0, 0.0, 1.0 ], [ -0.5, 0.809017, -0.309017, 0.0, -0.809017, -0.309017, 0.5, 0.0, 0.309017, 0.5, 0.809017, 0.0, 0.0, 0.0, 0.0, 1.0 ], [ -0.309017, -0.5, -0.809017, 0.0, -0.5, 0.809017, -0.309017, 0.0, 0.809017, 0.309017, -0.5, 0.0, 0.0, 0.0, 0.0, 1.0 ], [ -1.0, 0.0, 0.0, 0.0, 0.0, 1.0, 0.0, 0.0, 0.0, 0.0, -1.0, 0.0, 0.0, 0.0, 0.0, 1.0 ], [ 0.0, 0.0, -1.0, 0.0, 1.0, 0.0, 0.0, 0.0, 0.0, -1.0, 0.0, 0.0, 0.0, 0.0, 0.0, 1.0 ], [ 0.0, -1.0, 0.0, 0.0, 0.0, 0.0, 1.0, 0.0, -1.0, 0.0, 0.0, 0.0, 0.0, 0.0, 0.0, 1.0 ], [ -0.809017, -0.309017, -0.5, 0.0, 0.309017, 0.5, -0.809017, 0.0, 0.5, -0.809017, -0.309017, 0.0, 0.0, 0.0, 0.0, 1.0 ], [ 0.5, -0.809017, -0.309017, 0.0, 0.809017, 0.309017, 0.5, 0.0, -0.309017, -0.5, 0.809017, 0.0, 0.0, 0.0, 0.0, 1.0 ], [ -0.309017, -0.5, 0.809017, 0.0, -0.5, 0.809017, 0.309017, 0.0, -0.809017, -0.309017, -0.5, 0.0, 0.0, 0.0, 0.0, 1.0 ], [ -0.5, -0.809017, -0.309017, 0.0, 0.809017, -0.309017, -0.5, 0.0, 0.309017, -0.5, 0.809017, 0.0, 0.0, 0.0, 0.0, 1.0 ], [ 0.309017, -0.5, 0.809017, 0.0, 0.5, 0.809017, 0.309017, 0.0, -0.809017, 0.309017, 0.5, 0.0, 0.0, 0.0, 0.0, 1.0 ], [ -0.809017, 0.309017, 0.5, 0.0, -0.309017, 0.5, -0.809017, 0.0, -0.5, -0.809017, -0.309017, 0.0, 0.0, 0.0, 0.0, 1.0 ], [ -0.5, -0.809017, 0.309017, 0.0, 0.809017, -0.309017, 0.5, 0.0, -0.309017, 0.5, 0.809017, 0.0, 0.0, 0.0, 0.0, 1.0 ], [ -0.309017, 0.5, 0.809017, 0.0, 0.5, 0.809017, -0.309017, 0.0, -0.809017, 0.309017, -0.5, 0.0, 0.0, 0.0, 0.0, 1.0 ], [ -0.809017, 0.309017, -0.5, 0.0, 0.309017, -0.5, -0.809017, 0.0, -0.5, -0.809017, 0.309017, 0.0, 0.0, 0.0, 0.0, 1.0 ], [ -0.809017, -0.309017, 0.5, 0.0, 0.309017, 0.5, 0.809017, 0.0, -0.5, 0.809017, -0.309017, 0.0, 0.0, 0.0, 0.0, 1.0 ], [ -0.5, 0.809017, -0.309017, 0.0, 0.809017, 0.309017, -0.5, 0.0, -0.309017, -0.5, -0.809017, 0.0, 0.0, 0.0, 0.0, 1.0 ], [ -0.309017, -0.5, -0.809017, 0.0, 0.5, -0.809017, 0.309017, 0.0, -0.809017, -0.309017, 0.5, 0.0, 0.0, 0.0, 0.0, 1.0 ] ],
  "lights" : {
    "directionalLights" : [ {
      "direction" : [ 1.0, -1.0, -1.0 ],
      "color" : "#EBEBE4"
    }, {
      "direction" : [ -1.0, 0.0, 0.0 ],
      "color" : "#E4E4EB"
    }, {
      "direction" : [ 0.0, 0.0, -1.0 ],
      "color" : "#1E1E1E"
    } ],
    "ambientColor" : "#292929",
    "backgroundColor" : "#AFC8DC"
  },
  "camera" : {
    "position" : {
      "x" : 34.75384,
      "y" : -93.21183,
      "z" : -149.1325
    },
    "viewDistance" : 179.26756,
    "nearClipDistance" : 0.44816905,
    "farClipDistance" : 358.5351,
    "lookAtPoint" : {
      "x" : 0.0,
      "y" : 0.0,
      "z" : 0.0
    },
    "fieldOfView" : 0.44262886,
    "perspective" : true,
    "lookDirection" : {
      "x" : -0.19386575,
      "y" : 0.5199593,
      "z" : 0.831899
    },
    "upDirection" : {
      "x" : -0.92605335,
      "y" : 0.18289015,
      "z" : -0.3301177
    },
    "stereo" : false,
    "width" : 80.6704
  },
  "embedding" : [ 1.0, 0.0, 0.0, 0.0, 0.0, 1.0, 0.0, 0.0, 0.0, 0.0, 1.0, 0.0, 0.0, 0.0, 0.0, 1.0 ],
  "shapes" : [ {
    "id" : "047420a6-d720-451a-b344-a902febf5919",
    "vertices" : [ {
      "x" : 0.0,
      "y" : 0.0,
      "z" : 0.0
    }, {
      "x" : 0.618034,
      "y" : -1.0,
      "z" : -0.38196602
    }, {
      "x" : 0.0,
      "y" : 0.0,
      "z" : -2.0
    } ],
    "faces" : [ {
      "vertices" : [ 0, 1, 2 ]
    }, {
      "vertices" : [ 0, 2, 1 ]
    } ]
  }, {
    "id" : "18552569-08cf-481b-8f79-e96e838518d3",
    "vertices" : [ {
      "x" : 0.0,
      "y" : 0.0,
      "z" : 0.0
    }, {
      "x" : -1.618034,
      "y" : 2.618034,
      "z" : -4.236068
    }, {
      "x" : -1.618034,
      "y" : 7.854102,
      "z" : -4.236068
    }, {
      "x" : 0.0,
      "y" : 10.472136,
      "z" : 0.0
    }, {
      "x" : 1.618034,
      "y" : 7.854102,
      "z" : 4.236068
    }, {
      "x" : 1.618034,
      "y" : 2.618034,
      "z" : 4.236068
    } ],
    "faces" : [ {
      "vertices" : [ 0, 1, 2, 3, 4, 5 ]
    }, {
      "vertices" : [ 0, 5, 4, 3, 2, 1 ]
    } ]
  }, {
    "id" : "a68b93e2-c8c2-482a-8de1-81df8553c12c",
    "vertices" : [ {
      "x" : 0.0,
      "y" : 0.0,
      "z" : 0.0
    }, {
      "x" : -1.618034,
      "y" : 2.618034,
      "z" : -4.236068
    }, {
      "x" : 0.0,
      "y" : 5.236068,
      "z" : 0.0
    } ],
    "faces" : [ {
      "vertices" : [ 0, 1, 2 ]
    }, {
      "vertices" : [ 0, 2, 1 ]
    } ]
  }, {
    "id" : "ec55c147-e7f8-4c7d-8bb1-2d818ed7779c",
    "vertices" : [ {
      "x" : 0.0,
      "y" : 0.0,
      "z" : 0.0
    }, {
      "x" : -0.38196602,
      "y" : 0.618034,
      "z" : 1.0
    }, {
      "x" : 0.618034,
      "y" : -1.0,
      "z" : 1.618034
    } ],
    "faces" : [ {
      "vertices" : [ 0, 1, 2 ]
    }, {
      "vertices" : [ 0, 2, 1 ]
    } ]
  }, {
    "id" : "4c12d296-72f3-47a3-9d72-5acfae9e9356",
    "vertices" : [ {
      "x" : 0.0,
      "y" : 0.0,
      "z" : 0.0
    }, {
      "x" : 0.0,
      "y" : 0.0,
      "z" : -1.236068
    }, {
      "x" : -1.0,
      "y" : 1.618034,
      "z" : -0.618034
    } ],
    "faces" : [ {
      "vertices" : [ 0, 1, 2 ]
    }, {
      "vertices" : [ 0, 2, 1 ]
    } ]
  }, {
    "id" : "a2a47428-50b3-4caa-904c-724db1b06dba",
    "vertices" : [ {
      "x" : 0.0,
      "y" : 0.0,
      "z" : 0.0
    }, {
      "x" : 0.0,
      "y" : -5.236068,
      "z" : 0.0
    }, {
      "x" : -1.618034,
      "y" : -7.854102,
      "z" : -4.236068
    }, {
      "x" : -3.236068,
      "y" : -5.236068,
      "z" : -8.472136
    }, {
      "x" : -3.236068,
      "y" : 0.0,
      "z" : -8.472136
    }, {
      "x" : -1.618034,
      "y" : 2.618034,
      "z" : -4.236068
    } ],
    "faces" : [ {
      "vertices" : [ 0, 1, 2, 3, 4, 5 ]
    }, {
      "vertices" : [ 0, 5, 4, 3, 2, 1 ]
    } ]
  }, {
    "id" : "79999bea-19d0-4ef8-9177-6a0dc63b9fcf",
    "vertices" : [ {
      "x" : 0.0,
      "y" : 0.0,
      "z" : 0.0
    }, {
      "x" : 1.618034,
      "y" : 2.618034,
      "z" : 4.236068
    }, {
      "x" : 1.618034,
      "y" : -2.618034,
      "z" : 4.236068
    } ],
    "faces" : [ {
      "vertices" : [ 0, 1, 2 ]
    }, {
      "vertices" : [ 0, 2, 1 ]
    } ]
  }, {
    "id" : "f5ff6a53-fc1e-4545-9a44-ae4314917833",
    "vertices" : [ {
      "x" : 0.0,
      "y" : 0.0,
      "z" : 0.0
    }, {
      "x" : 0.618034,
      "y" : -1.0,
      "z" : 0.38196602
    }, {
      "x" : 1.0,
      "y" : -1.618034,
      "z" : -0.618034
    }, {
      "x" : 0.618034,
      "y" : -1.0,
      "z" : -1.618034
    }, {
      "x" : 0.0,
      "y" : 0.0,
      "z" : -1.236068
    } ],
    "faces" : [ {
      "vertices" : [ 0, 1, 2, 3, 4 ]
    }, {
      "vertices" : [ 0, 4, 3, 2, 1 ]
    } ]
  }, {
    "id" : "d5b33335-5b9f-4853-b4d0-5899b8895d25",
    "vertices" : [ {
      "x" : 0.0,
      "y" : 0.0,
      "z" : 0.0
    }, {
      "x" : -0.618034,
      "y" : 1.0,
      "z" : -0.38196602
    }, {
      "x" : -0.618034,
      "y" : 1.0,
      "z" : 1.618034
    } ],
    "faces" : [ {
      "vertices" : [ 0, 1, 2 ]
    }, {
      "vertices" : [ 0, 2, 1 ]
    } ]
  }, {
    "id" : "6c869bc8-949e-4a79-a77c-ba02b3e926ec",
    "vertices" : [ {
      "x" : 0.0,
      "y" : 0.0,
      "z" : 0.0
    }, {
      "x" : -0.38196602,
      "y" : 0.618034,
      "z" : -1.0
    }, {
      "x" : -1.0,
      "y" : 1.618034,
      "z" : -0.618034
    }, {
      "x" : -1.0,
      "y" : 1.618034,
      "z" : 0.618034
    }, {
      "x" : -0.38196602,
      "y" : 0.618034,
      "z" : 1.0
    } ],
    "faces" : [ {
      "vertices" : [ 0, 1, 2, 3, 4 ]
    }, {
      "vertices" : [ 0, 4, 3, 2, 1 ]
    } ]
  }, {
    "id" : "ba6df73e-ec41-415b-ac7c-dc1d43bba847",
    "vertices" : [ {
      "x" : 0.0,
      "y" : 0.0,
      "z" : 0.0
    }, {
      "x" : 1.618034,
      "y" : 2.618034,
      "z" : 4.236068
    }, {
      "x" : 3.236068,
      "y" : 0.0,
      "z" : 8.472136
    }, {
      "x" : 3.236068,
      "y" : -5.236068,
      "z" : 8.472136
    }, {
      "x" : 1.618034,
      "y" : -7.854102,
      "z" : 4.236068
    }, {
      "x" : 0.0,
      "y" : -5.236068,
      "z" : 0.0
    } ],
    "faces" : [ {
      "vertices" : [ 0, 1, 2, 3, 4, 5 ]
    }, {
      "vertices" : [ 0, 5, 4, 3, 2, 1 ]
    } ]
  }, {
    "id" : "57cdadd0-80c7-45ae-9f84-351863dfb087",
    "vertices" : [ {
      "x" : 0.0,
      "y" : 0.0,
      "z" : 0.0
    }, {
      "x" : 0.38196602,
      "y" : -0.618034,
      "z" : 1.0
    }, {
      "x" : 1.0,
      "y" : -1.618034,
      "z" : -0.618034
    } ],
    "faces" : [ {
      "vertices" : [ 0, 1, 2 ]
    }, {
      "vertices" : [ 0, 2, 1 ]
    } ]
  }, {
    "id" : "016a5b5e-66e6-4db8-8f98-15a392dea17e",
    "vertices" : [ {
      "x" : 0.0,
      "y" : 0.0,
      "z" : 0.0
    }, {
      "x" : 0.0,
      "y" : 0.0,
      "z" : 1.236068
    }, {
      "x" : 0.618034,
      "y" : -1.0,
      "z" : 1.618034
    }, {
      "x" : 1.0,
      "y" : -1.618034,
      "z" : 0.618034
    }, {
      "x" : 0.618034,
      "y" : -1.0,
      "z" : -0.38196602
    } ],
    "faces" : [ {
      "vertices" : [ 0, 1, 2, 3, 4 ]
    }, {
      "vertices" : [ 0, 4, 3, 2, 1 ]
    } ]
  }, {
    "id" : "0fba4e52-d9bd-4c82-bd40-d30a1c6a8f8b",
    "orbit" : "yellow",
    "orbitC" : "[[0,0,1],[2,-1,1]]",
    "length" : "[1,0,1]",
    "name" : "y1",
    "vertices" : [ {
      "x" : 0.809017,
      "y" : 0.0,
      "z" : -0.690983
    }, {
      "x" : 1.0,
      "y" : 0.309017,
      "z" : -0.19098301
    }, {
      "x" : 2.618034,
      "y" : 0.309017,
      "z" : -0.809017
    }, {
      "x" : 2.427051,
      "y" : 0.0,
      "z" : -1.309017
    }, {
      "x" : 5.854102,
      "y" : 0.309017,
      "z" : -2.427051
    }, {
      "x" : 1.0,
      "y" : -0.309017,
      "z" : -0.19098301
    }, {
      "x" : 2.618034,
      "y" : -0.309017,
      "z" : -0.809017
    }, {
      "x" : 4.236068,
      "y" : 0.309017,
      "z" : -1.809017
    }, {
      "x" : 4.427051,
      "y" : 0.0,
      "z" : -1.309017
    }, {
      "x" : 6.854102,
      "y" : 0.0,
      "z" : -2.618034
    }, {
      "x" : 4.236068,
      "y" : -0.309017,
      "z" : -1.809017
    }, {
      "x" : 6.045085,
      "y" : 0.0,
      "z" : -1.927051
    }, {
      "x" : 5.854102,
      "y" : -0.309017,
      "z" : -2.427051
    } ],
    "faces" : [ {
      "vertices" : [ 2, 6, 8 ]
    }, {
      "vertices" : [ 4, 12, 10, 7 ]
    }, {
      "vertices" : [ 2, 8, 7 ]
    }, {
      "vertices" : [ 3, 10, 6 ]
    }, {
      "vertices" : [ 3, 7, 10 ]
    }, {
      "vertices" : [ 0, 1, 2, 3 ]
    }, {
      "vertices" : [ 6, 10, 8 ]
    }, {
      "vertices" : [ 8, 10, 12, 11 ]
    }, {
      "vertices" : [ 2, 7, 3 ]
    }, {
      "vertices" : [ 0, 3, 6, 5 ]
    }, {
      "vertices" : [ 1, 5, 6, 2 ]
    }, {
      "vertices" : [ 4, 7, 8, 11 ]
    } ]
  }, {
    "id" : "9099fae9-d3d9-41ad-bb10-cfa2059c99c5",
    "vertices" : [ {
      "x" : 0.0,
      "y" : 0.0,
      "z" : 0.0
    }, {
      "x" : 0.618034,
      "y" : -1.0,
      "z" : -1.618034
    }, {
      "x" : 0.0,
      "y" : 0.0,
      "z" : -2.0
    } ],
    "faces" : [ {
      "vertices" : [ 0, 1, 2 ]
    }, {
      "vertices" : [ 0, 2, 1 ]
    } ]
  }, {
    "id" : "94cafacc-3346-41f7-b7a3-35ff182cfd42",
    "vertices" : [ {
      "x" : 0.0,
      "y" : 0.0,
      "z" : 0.0
    }, {
      "x" : 1.0,
      "y" : -1.618034,
      "z" : 0.618034
    }, {
      "x" : 0.38196602,
      "y" : -0.618034,
      "z" : -1.0
    } ],
    "faces" : [ {
      "vertices" : [ 0, 1, 2 ]
    }, {
      "vertices" : [ 0, 2, 1 ]
    } ]
  }, {
    "id" : "9855b8df-5359-49b7-9992-24f43b99a1a8",
    "vertices" : [ {
      "x" : 0.0,
      "y" : 0.0,
      "z" : 0.0
    }, {
      "x" : 0.0,
      "y" : -5.236068,
      "z" : 0.0
    }, {
      "x" : -1.618034,
      "y" : -2.618034,
      "z" : -4.236068
    } ],
    "faces" : [ {
      "vertices" : [ 0, 1, 2 ]
    }, {
      "vertices" : [ 0, 2, 1 ]
    } ]
  }, {
    "id" : "7607974a-457f-47d0-9ea2-c1a4f8f14814",
    "name" : "ball",
    "vertices" : [ {
      "x" : 0.309017,
      "y" : -0.809017,
      "z" : 0.618034
    }, {
      "x" : 0.809017,
      "y" : -0.618034,
      "z" : 0.309017
    }, {
      "x" : 0.618034,
      "y" : -0.309017,
      "z" : 0.809017
    }, {
      "x" : 1.0,
      "y" : 0.309017,
      "z" : 0.19098301
    }, {
      "x" : 0.809017,
      "y" : 0.618034,
      "z" : 0.309017
    }, {
      "x" : 0.618034,
      "y" : 0.309017,
      "z" : 0.809017
    }, {
      "x" : 0.809017,
      "y" : 0.0,
      "z" : 0.690983
    }, {
      "x" : 0.19098301,
      "y" : -1.0,
      "z" : 0.309017
    }, {
      "x" : -0.19098301,
      "y" : -1.0,
      "z" : 0.309017
    }, {
      "x" : -0.19098301,
      "y" : -1.0,
      "z" : -0.309017
    }, {
      "x" : 0.19098301,
      "y" : -1.0,
      "z" : -0.309017
    }, {
      "x" : 1.0,
      "y" : -0.309017,
      "z" : -0.19098301
    }, {
      "x" : 0.809017,
      "y" : -0.618034,
      "z" : -0.309017
    }, {
      "x" : 0.618034,
      "y" : -0.309017,
      "z" : -0.809017
    }, {
      "x" : 0.809017,
      "y" : 0.0,
      "z" : -0.690983
    }, {
      "x" : 0.0,
      "y" : 0.690983,
      "z" : -0.809017
    }, {
      "x" : 0.309017,
      "y" : 0.809017,
      "z" : -0.618034
    }, {
      "x" : 0.618034,
      "y" : 0.309017,
      "z" : -0.809017
    }, {
      "x" : 0.309017,
      "y" : 0.19098301,
      "z" : -1.0
    }, {
      "x" : 1.0,
      "y" : 0.309017,
      "z" : -0.19098301
    }, {
      "x" : -0.309017,
      "y" : -0.809017,
      "z" : 0.618034
    }, {
      "x" : 0.0,
      "y" : -0.690983,
      "z" : 0.809017
    }, {
      "x" : 0.809017,
      "y" : 0.618034,
      "z" : -0.309017
    }, {
      "x" : 0.690983,
      "y" : 0.809017,
      "z" : 0.0
    }, {
      "x" : -0.690983,
      "y" : 0.809017,
      "z" : 0.0
    }, {
      "x" : -0.809017,
      "y" : 0.618034,
      "z" : 0.309017
    }, {
      "x" : -0.309017,
      "y" : 0.809017,
      "z" : 0.618034
    }, {
      "x" : -0.19098301,
      "y" : 1.0,
      "z" : 0.309017
    }, {
      "x" : 0.309017,
      "y" : -0.19098301,
      "z" : -1.0
    }, {
      "x" : 0.19098301,
      "y" : 1.0,
      "z" : 0.309017
    }, {
      "x" : 0.309017,
      "y" : 0.809017,
      "z" : 0.618034
    }, {
      "x" : -0.809017,
      "y" : -0.618034,
      "z" : 0.309017
    }, {
      "x" : -0.690983,
      "y" : -0.809017,
      "z" : 0.0
    }, {
      "x" : 0.0,
      "y" : 0.690983,
      "z" : 0.809017
    }, {
      "x" : 0.309017,
      "y" : -0.809017,
      "z" : -0.618034
    }, {
      "x" : 0.0,
      "y" : -0.690983,
      "z" : -0.809017
    }, {
      "x" : -1.0,
      "y" : 0.309017,
      "z" : 0.19098301
    }, {
      "x" : -0.809017,
      "y" : 0.0,
      "z" : 0.690983
    }, {
      "x" : -0.618034,
      "y" : 0.309017,
      "z" : 0.809017
    }, {
      "x" : 1.0,
      "y" : -0.309017,
      "z" : 0.19098301
    }, {
      "x" : -0.309017,
      "y" : -0.809017,
      "z" : -0.618034
    }, {
      "x" : -1.0,
      "y" : 0.309017,
      "z" : -0.19098301
    }, {
      "x" : -1.0,
      "y" : -0.309017,
      "z" : -0.19098301
    }, {
      "x" : -1.0,
      "y" : -0.309017,
      "z" : 0.19098301
    }, {
      "x" : 0.19098301,
      "y" : 1.0,
      "z" : -0.309017
    }, {
      "x" : -0.809017,
      "y" : 0.618034,
      "z" : -0.309017
    }, {
      "x" : -0.19098301,
      "y" : 1.0,
      "z" : -0.309017
    }, {
      "x" : -0.309017,
      "y" : 0.809017,
      "z" : -0.618034
    }, {
      "x" : -0.618034,
      "y" : -0.309017,
      "z" : 0.809017
    }, {
      "x" : 0.309017,
      "y" : 0.19098301,
      "z" : 1.0
    }, {
      "x" : -0.309017,
      "y" : 0.19098301,
      "z" : -1.0
    }, {
      "x" : -0.309017,
      "y" : 0.19098301,
      "z" : 1.0
    }, {
      "x" : -0.309017,
      "y" : -0.19098301,
      "z" : 1.0
    }, {
      "x" : 0.309017,
      "y" : -0.19098301,
      "z" : 1.0
    }, {
      "x" : 0.690983,
      "y" : -0.809017,
      "z" : 0.0
    }, {
      "x" : -0.809017,
      "y" : 0.0,
      "z" : -0.690983
    }, {
      "x" : -0.618034,
      "y" : -0.309017,
      "z" : -0.809017
    }, {
      "x" : -0.309017,
      "y" : -0.19098301,
      "z" : -1.0
    }, {
      "x" : -0.618034,
      "y" : 0.309017,
      "z" : -0.809017
    }, {
      "x" : -0.809017,
      "y" : -0.618034,
      "z" : -0.309017
    } ],
    "faces" : [ {
      "vertices" : [ 9, 40, 35, 34, 10 ]
    }, {
      "vertices" : [ 0, 1, 2 ]
    }, {
      "vertices" : [ 33, 51, 49 ]
    }, {
      "vertices" : [ 25, 36, 37, 38 ]
    }, {
      "vertices" : [ 41, 55, 42 ]
    }, {
      "vertices" : [ 9, 32, 59, 40 ]
    }, {
      "vertices" : [ 20, 21, 52, 48 ]
    }, {
      "vertices" : [ 26, 33, 30, 29, 27 ]
    }, {
      "vertices" : [ 3, 4, 5, 6 ]
    }, {
      "vertices" : [ 27, 29, 44, 46 ]
    }, {
      "vertices" : [ 50, 57, 56, 55, 58 ]
    }, {
      "vertices" : [ 26, 38, 51, 33 ]
    }, {
      "vertices" : [ 45, 47, 58 ]
    }, {
      "vertices" : [ 18, 28, 57, 50 ]
    }, {
      "vertices" : [ 40, 59, 56 ]
    }, {
      "vertices" : [ 31, 48, 37, 43 ]
    }, {
      "vertices" : [ 7, 8, 9, 10 ]
    }, {
      "vertices" : [ 36, 41, 42, 43 ]
    }, {
      "vertices" : [ 24, 46, 47, 45 ]
    }, {
      "vertices" : [ 4, 30, 5 ]
    }, {
      "vertices" : [ 15, 47, 46, 44, 16 ]
    }, {
      "vertices" : [ 15, 50, 58, 47 ]
    }, {
      "vertices" : [ 24, 45, 41, 36, 25 ]
    }, {
      "vertices" : [ 11, 14, 19 ]
    }, {
      "vertices" : [ 3, 6, 39 ]
    }, {
      "vertices" : [ 1, 39, 6, 2 ]
    }, {
      "vertices" : [ 8, 32, 9 ]
    }, {
      "vertices" : [ 11, 12, 13, 14 ]
    }, {
      "vertices" : [ 16, 22, 17 ]
    }, {
      "vertices" : [ 0, 21, 20, 8, 7 ]
    }, {
      "vertices" : [ 12, 34, 13 ]
    }, {
      "vertices" : [ 35, 40, 56, 57 ]
    }, {
      "vertices" : [ 0, 7, 54, 1 ]
    }, {
      "vertices" : [ 15, 16, 17, 18 ]
    }, {
      "vertices" : [ 3, 19, 22, 23, 4 ]
    }, {
      "vertices" : [ 7, 10, 54 ]
    }, {
      "vertices" : [ 41, 45, 58, 55 ]
    }, {
      "vertices" : [ 3, 39, 11, 19 ]
    }, {
      "vertices" : [ 14, 17, 22, 19 ]
    }, {
      "vertices" : [ 0, 2, 53, 21 ]
    }, {
      "vertices" : [ 49, 51, 52, 53 ]
    }, {
      "vertices" : [ 31, 43, 42, 59, 32 ]
    }, {
      "vertices" : [ 15, 18, 50 ]
    }, {
      "vertices" : [ 42, 55, 56, 59 ]
    }, {
      "vertices" : [ 4, 23, 29, 30 ]
    }, {
      "vertices" : [ 25, 38, 26 ]
    }, {
      "vertices" : [ 13, 28, 18, 17, 14 ]
    }, {
      "vertices" : [ 8, 20, 31, 32 ]
    }, {
      "vertices" : [ 23, 44, 29 ]
    }, {
      "vertices" : [ 24, 27, 46 ]
    }, {
      "vertices" : [ 37, 48, 52, 51, 38 ]
    }, {
      "vertices" : [ 20, 48, 31 ]
    }, {
      "vertices" : [ 24, 25, 26, 27 ]
    }, {
      "vertices" : [ 16, 44, 23, 22 ]
    }, {
      "vertices" : [ 13, 34, 35, 28 ]
    }, {
      "vertices" : [ 10, 34, 12, 54 ]
    }, {
      "vertices" : [ 2, 6, 5, 49, 53 ]
    }, {
      "vertices" : [ 36, 43, 37 ]
    }, {
      "vertices" : [ 5, 30, 33, 49 ]
    }, {
      "vertices" : [ 1, 54, 12, 11, 39 ]
    }, {
      "vertices" : [ 28, 35, 57 ]
    }, {
      "vertices" : [ 21, 53, 52 ]
    } ]
  }, {
    "id" : "2c73edbb-af9c-488e-978a-e9d59dee7a43",
    "vertices" : [ {
      "x" : 0.0,
      "y" : 0.0,
      "z" : 0.0
    }, {
      "x" : -0.618034,
      "y" : 1.0,
      "z" : -1.618034
    }, {
      "x" : -0.618034,
      "y" : 1.0,
      "z" : 0.38196602
    } ],
    "faces" : [ {
      "vertices" : [ 0, 1, 2 ]
    }, {
      "vertices" : [ 0, 2, 1 ]
    } ]
  } ],
  "instances" : [ {
    "shape" : "047420a6-d720-451a-b344-a902febf5919",
    "color" : "#EC888B",
    "position" : {
      "x" : -6.854102,
      "y" : -5.236068,
      "z" : -0.618034
    },
    "orientation" : 30
  }, {
    "shape" : "18552569-08cf-481b-8f79-e96e838518d3",
    "color" : "#FFD98C",
    "position" : {
      "x" : -8.472136,
      "y" : -2.618034,
      "z" : -1.618034
    },
    "orientation" : 19
  }, {
    "shape" : "a68b93e2-c8c2-482a-8de1-81df8553c12c",
    "color" : "#6666FF",
    "position" : {
      "x" : 8.472136,
      "y" : -2.618034,
      "z" : 1.618034
    },
    "orientation" : 8
  }, {
    "shape" : "a68b93e2-c8c2-482a-8de1-81df8553c12c",
    "color" : "#6666FF",
    "position" : {
      "x" : -2.618034,
      "y" : 1.618034,
      "z" : -8.472136
    },
    "orientation" : 17
  }, {
    "shape" : "ec55c147-e7f8-4c7d-8bb1-2d818ed7779c",
    "color" : "#EC888B",
    "position" : {
      "x" : 0.0,
      "y" : 7.854102,
      "z" : -3.618034
    },
    "orientation" : 46
  }, {
    "shape" : "a68b93e2-c8c2-482a-8de1-81df8553c12c",
    "color" : "#6666FF",
    "position" : {
      "x" : 2.618034,
      "y" : -6.854102,
      "z" : -5.236068
    },
    "orientation" : 24
  }, {
    "shape" : "4c12d296-72f3-47a3-9d72-5acfae9e9356",
    "color" : "#EC888B",
    "position" : {
      "x" : 0.618034,
      "y" : -6.854102,
      "z" : -5.236068
    },
    "orientation" : 16
  }, {
    "shape" : "a2a47428-50b3-4caa-904c-724db1b06dba",
    "color" : "#FFD98C",
    "position" : {
      "x" : 2.618034,
      "y" : -1.618034,
      "z" : -8.472136
    },
    "orientation" : 17
  }, {
    "shape" : "18552569-08cf-481b-8f79-e96e838518d3",
    "color" : "#FFD98C",
    "position" : {
      "x" : -8.472136,
      "y" : 2.618034,
      "z" : 1.618034
    },
    "orientation" : 4
  }, {
    "shape" : "4c12d296-72f3-47a3-9d72-5acfae9e9356",
    "color" : "#EC888B",
    "position" : {
      "x" : -0.618034,
      "y" : 6.854102,
      "z" : -5.236068
    },
    "orientation" : 46
  }, {
    "shape" : "79999bea-19d0-4ef8-9177-6a0dc63b9fcf",
    "color" : "#6666FF",
    "position" : {
      "x" : -5.236068,
      "y" : 2.618034,
      "z" : -6.854102
    },
    "orientation" : 54
  }, {
    "shape" : "18552569-08cf-481b-8f79-e96e838518d3",
    "color" : "#FFD98C",
    "position" : {
      "x" : 6.854102,
      "y" : -5.236068,
      "z" : -2.618034
    },
    "orientation" : 0
  }, {
    "shape" : "a68b93e2-c8c2-482a-8de1-81df8553c12c",
    "color" : "#6666FF",
    "position" : {
      "x" : 1.618034,
      "y" : 8.472136,
      "z" : -2.618034
    },
    "orientation" : 6
  }, {
    "shape" : "f5ff6a53-fc1e-4545-9a44-ae4314917833",
    "color" : "#EC888B",
    "position" : {
      "x" : -0.618034,
      "y" : -6.854102,
      "z" : 5.236068
    },
    "orientation" : 31
  }, {
    "shape" : "a68b93e2-c8c2-482a-8de1-81df8553c12c",
    "color" : "#6666FF",
    "position" : {
      "x" : -6.854102,
      "y" : -5.236068,
      "z" : -2.618034
    },
    "orientation" : 19
  }, {
    "shape" : "d5b33335-5b9f-4853-b4d0-5899b8895d25",
    "color" : "#EC888B",
    "position" : {
      "x" : 1.0,
      "y" : 7.472136,
      "z" : 4.236068
    },
    "orientation" : 1
  }, {
    "shape" : "6c869bc8-949e-4a79-a77c-ba02b3e926ec",
    "color" : "#EC888B",
    "position" : {
      "x" : 0.0,
      "y" : 7.854102,
      "z" : 3.618034
    },
    "orientation" : 1
  }, {
    "shape" : "18552569-08cf-481b-8f79-e96e838518d3",
    "color" : "#FFD98C",
    "position" : {
      "x" : 0.0,
      "y" : -5.854102,
      "z" : -6.854102
    },
    "orientation" : 24
  }, {
    "shape" : "ba6df73e-ec41-415b-ac7c-dc1d43bba847",
    "color" : "#FFD98C",
    "position" : {
      "x" : -5.236068,
      "y" : -2.618034,
      "z" : -6.854102
    },
    "orientation" : 30
  }, {
    "shape" : "047420a6-d720-451a-b344-a902febf5919",
    "color" : "#EC888B",
    "position" : {
      "x" : -6.854102,
      "y" : 5.236068,
      "z" : 0.618034
    },
    "orientation" : 45
  }, {
    "shape" : "57cdadd0-80c7-45ae-9f84-351863dfb087",
    "color" : "#EC888B",
    "position" : {
      "x" : 4.236068,
      "y" : -1.0,
      "z" : 7.472136
    },
    "orientation" : 2
  }, {
    "shape" : "f5ff6a53-fc1e-4545-9a44-ae4314917833",
    "color" : "#EC888B",
    "position" : {
      "x" : 5.236068,
      "y" : -0.618034,
      "z" : -6.854102
    },
    "orientation" : 17
  }, {
    "shape" : "18552569-08cf-481b-8f79-e96e838518d3",
    "color" : "#FFD98C",
    "position" : {
      "x" : -5.236068,
      "y" : -2.618034,
      "z" : 6.854102
    },
    "orientation" : 2
  }, {
    "shape" : "ec55c147-e7f8-4c7d-8bb1-2d818ed7779c",
    "color" : "#EC888B",
    "position" : {
      "x" : -7.854102,
      "y" : 3.618034,
      "z" : 0.0
    },
    "orientation" : 45
  }, {
    "shape" : "047420a6-d720-451a-b344-a902febf5919",
    "color" : "#EC888B",
    "position" : {
      "x" : -0.618034,
      "y" : -6.854102,
      "z" : -5.236068
    },
    "orientation" : 16
  }, {
    "shape" : "047420a6-d720-451a-b344-a902febf5919",
    "color" : "#EC888B",
    "position" : {
      "x" : 5.236068,
      "y" : 0.618034,
      "z" : -6.854102
    },
    "orientation" : 17
  }, {
    "shape" : "18552569-08cf-481b-8f79-e96e838518d3",
    "color" : "#FFD98C",
    "position" : {
      "x" : -8.472136,
      "y" : 2.618034,
      "z" : -1.618034
    },
    "orientation" : 38
  }, {
    "shape" : "57cdadd0-80c7-45ae-9f84-351863dfb087",
    "color" : "#EC888B",
    "position" : {
      "x" : 4.236068,
      "y" : 1.0,
      "z" : -7.472136
    },
    "orientation" : 17
  }, {
    "shape" : "a68b93e2-c8c2-482a-8de1-81df8553c12c",
    "color" : "#6666FF",
    "position" : {
      "x" : 5.236068,
      "y" : 2.618034,
      "z" : -6.854102
    },
    "orientation" : 3
  }, {
    "shape" : "4c12d296-72f3-47a3-9d72-5acfae9e9356",
    "color" : "#EC888B",
    "position" : {
      "x" : 5.236068,
      "y" : -0.618034,
      "z" : -6.854102
    },
    "orientation" : 17
  }, {
    "shape" : "4c12d296-72f3-47a3-9d72-5acfae9e9356",
    "color" : "#EC888B",
    "position" : {
      "x" : 6.854102,
      "y" : 5.236068,
      "z" : 0.618034
    },
    "orientation" : 0
  }, {
    "shape" : "a2a47428-50b3-4caa-904c-724db1b06dba",
    "color" : "#FFD98C",
    "position" : {
      "x" : -5.854102,
      "y" : -6.854102,
      "z" : 0.0
    },
    "orientation" : 39
  }, {
    "shape" : "57cdadd0-80c7-45ae-9f84-351863dfb087",
    "color" : "#EC888B",
    "position" : {
      "x" : -4.236068,
      "y" : 1.0,
      "z" : 7.472136
    },
    "orientation" : 32
  }, {
    "shape" : "57cdadd0-80c7-45ae-9f84-351863dfb087",
    "color" : "#EC888B",
    "position" : {
      "x" : 1.0,
      "y" : 7.472136,
      "z" : -4.236068
    },
    "orientation" : 46
  }, {
    "shape" : "a2a47428-50b3-4caa-904c-724db1b06dba",
    "color" : "#FFD98C",
    "position" : {
      "x" : -2.618034,
      "y" : -6.854102,
      "z" : -5.236068
    },
    "orientation" : 22
  }, {
    "shape" : "047420a6-d720-451a-b344-a902febf5919",
    "color" : "#EC888B",
    "position" : {
      "x" : 6.854102,
      "y" : 5.236068,
      "z" : -0.618034
    },
    "orientation" : 0
  }, {
    "shape" : "57cdadd0-80c7-45ae-9f84-351863dfb087",
    "color" : "#EC888B",
    "position" : {
      "x" : -4.236068,
      "y" : -1.0,
      "z" : -7.472136
    },
    "orientation" : 47
  }, {
    "shape" : "79999bea-19d0-4ef8-9177-6a0dc63b9fcf",
    "color" : "#6666FF",
    "position" : {
      "x" : -8.472136,
      "y" : -2.618034,
      "z" : 1.618034
    },
    "orientation" : 38
  }, {
    "shape" : "d5b33335-5b9f-4853-b4d0-5899b8895d25",
    "color" : "#EC888B",
    "position" : {
      "x" : 7.472136,
      "y" : -4.236068,
      "z" : -1.0
    },
    "orientation" : 15
  }, {
    "shape" : "57cdadd0-80c7-45ae-9f84-351863dfb087",
    "color" : "#EC888B",
    "position" : {
      "x" : -1.0,
      "y" : -7.472136,
      "z" : -4.236068
    },
    "orientation" : 16
  }, {
    "shape" : "6c869bc8-949e-4a79-a77c-ba02b3e926ec",
    "color" : "#EC888B",
    "position" : {
      "x" : -3.618034,
      "y" : 0.0,
      "z" : -7.854102
    },
    "orientation" : 47
  }, {
    "shape" : "57cdadd0-80c7-45ae-9f84-351863dfb087",
    "color" : "#EC888B",
    "position" : {
      "x" : -7.472136,
      "y" : 4.236068,
      "z" : 1.0
    },
    "orientation" : 45
  }, {
    "shape" : "016a5b5e-66e6-4db8-8f98-15a392dea17e",
    "color" : "#EC888B",
    "position" : {
      "x" : 6.854102,
      "y" : -5.236068,
      "z" : 0.618034
    },
    "orientation" : 15
  }, {
    "shape" : "4c12d296-72f3-47a3-9d72-5acfae9e9356",
    "color" : "#EC888B",
    "position" : {
      "x" : 0.618034,
      "y" : 6.854102,
      "z" : 5.236068
    },
    "orientation" : 1
  }, {
    "shape" : "4c12d296-72f3-47a3-9d72-5acfae9e9356",
    "color" : "#EC888B",
    "position" : {
      "x" : -6.854102,
      "y" : -5.236068,
      "z" : 0.618034
    },
    "orientation" : 30
  }, {
    "shape" : "d5b33335-5b9f-4853-b4d0-5899b8895d25",
    "color" : "#EC888B",
    "position" : {
      "x" : 1.0,
      "y" : -7.472136,
      "z" : -4.236068
    },
    "orientation" : 16
  }, {
    "shape" : "ec55c147-e7f8-4c7d-8bb1-2d818ed7779c",
    "color" : "#EC888B",
    "position" : {
      "x" : 7.854102,
      "y" : -3.618034,
      "z" : 0.0
    },
    "orientation" : 15
  }, {
    "shape" : "4c12d296-72f3-47a3-9d72-5acfae9e9356",
    "color" : "#EC888B",
    "position" : {
      "x" : 6.854102,
      "y" : -5.236068,
      "z" : -0.618034
    },
    "orientation" : 15
  }, {
    "shape" : "0fba4e52-d9bd-4c82-bd40-d30a1c6a8f8b",
    "color" : "#FFB31A",
    "position" : {
      "x" : 0.0,
      "y" : 0.0,
      "z" : 0.0
    },
    "orientation" : 2
  }, {
    "shape" : "ba6df73e-ec41-415b-ac7c-dc1d43bba847",
    "color" : "#FFD98C",
    "position" : {
      "x" : 6.854102,
      "y" : 5.236068,
      "z" : 2.618034
    },
    "orientation" : 8
  }, {
    "shape" : "ec55c147-e7f8-4c7d-8bb1-2d818ed7779c",
    "color" : "#EC888B",
    "position" : {
      "x" : 3.618034,
      "y" : 0.0,
      "z" : -7.854102
    },
    "orientation" : 17
  }, {
    "shape" : "4c12d296-72f3-47a3-9d72-5acfae9e9356",
    "color" : "#EC888B",
    "position" : {
      "x" : 5.236068,
      "y" : 0.618034,
      "z" : 6.854102
    },
    "orientation" : 2
  }, {
    "shape" : "4c12d296-72f3-47a3-9d72-5acfae9e9356",
    "color" : "#EC888B",
    "position" : {
      "x" : -0.618034,
      "y" : -6.854102,
      "z" : 5.236068
    },
    "orientation" : 31
  }, {
    "shape" : "4c12d296-72f3-47a3-9d72-5acfae9e9356",
    "color" : "#EC888B",
    "position" : {
      "x" : -5.236068,
      "y" : 0.618034,
      "z" : -6.854102
    },
    "orientation" : 47
  }, {
    "shape" : "d5b33335-5b9f-4853-b4d0-5899b8895d25",
    "color" : "#EC888B",
    "position" : {
      "x" : 4.236068,
      "y" : -1.0,
      "z" : -7.472136
    },
    "orientation" : 17
  }, {
    "shape" : "57cdadd0-80c7-45ae-9f84-351863dfb087",
    "color" : "#EC888B",
    "position" : {
      "x" : 7.472136,
      "y" : -4.236068,
      "z" : 1.0
    },
    "orientation" : 15
  }, {
    "shape" : "4c12d296-72f3-47a3-9d72-5acfae9e9356",
    "color" : "#EC888B",
    "position" : {
      "x" : -6.854102,
      "y" : 5.236068,
      "z" : -0.618034
    },
    "orientation" : 45
  }, {
    "shape" : "047420a6-d720-451a-b344-a902febf5919",
    "color" : "#EC888B",
    "position" : {
      "x" : 0.618034,
      "y" : 6.854102,
      "z" : -5.236068
    },
    "orientation" : 46
  }, {
    "shape" : "ec55c147-e7f8-4c7d-8bb1-2d818ed7779c",
    "color" : "#EC888B",
    "position" : {
      "x" : 7.854102,
      "y" : 3.618034,
      "z" : 0.0
    },
    "orientation" : 0
  }, {
    "shape" : "57cdadd0-80c7-45ae-9f84-351863dfb087",
    "color" : "#EC888B",
    "position" : {
      "x" : 1.0,
      "y" : -7.472136,
      "z" : 4.236068
    },
    "orientation" : 31
  }, {
    "shape" : "ec55c147-e7f8-4c7d-8bb1-2d818ed7779c",
    "color" : "#EC888B",
    "position" : {
      "x" : -7.854102,
      "y" : -3.618034,
      "z" : 0.0
    },
    "orientation" : 30
  }, {
    "shape" : "4c12d296-72f3-47a3-9d72-5acfae9e9356",
    "color" : "#EC888B",
    "position" : {
      "x" : -5.236068,
      "y" : -0.618034,
      "z" : 6.854102
    },
    "orientation" : 32
  }, {
    "shape" : "ec55c147-e7f8-4c7d-8bb1-2d818ed7779c",
    "color" : "#EC888B",
    "position" : {
      "x" : 3.618034,
      "y" : 0.0,
      "z" : 7.854102
    },
    "orientation" : 2
  }, {
    "shape" : "f5ff6a53-fc1e-4545-9a44-ae4314917833",
    "color" : "#EC888B",
    "position" : {
      "x" : 5.236068,
      "y" : 0.618034,
      "z" : 6.854102
    },
    "orientation" : 2
  }, {
    "shape" : "a68b93e2-c8c2-482a-8de1-81df8553c12c",
    "color" : "#6666FF",
    "position" : {
      "x" : 2.618034,
      "y" : 6.854102,
      "z" : 5.236068
    },
    "orientation" : 9
  }, {
    "shape" : "d5b33335-5b9f-4853-b4d0-5899b8895d25",
    "color" : "#EC888B",
    "position" : {
      "x" : -4.236068,
      "y" : -1.0,
      "z" : 7.472136
    },
    "orientation" : 32
  }, {
    "shape" : "016a5b5e-66e6-4db8-8f98-15a392dea17e",
    "color" : "#EC888B",
    "position" : {
      "x" : 6.854102,
      "y" : 5.236068,
      "z" : -0.618034
    },
    "orientation" : 0
  }, {
    "shape" : "79999bea-19d0-4ef8-9177-6a0dc63b9fcf",
    "color" : "#6666FF",
    "position" : {
      "x" : 1.618034,
      "y" : -8.472136,
      "z" : -2.618034
    },
    "orientation" : 21
  }, {
    "shape" : "d5b33335-5b9f-4853-b4d0-5899b8895d25",
    "color" : "#EC888B",
    "position" : {
      "x" : -4.236068,
      "y" : 1.0,
      "z" : -7.472136
    },
    "orientation" : 47
  }, {
    "shape" : "79999bea-19d0-4ef8-9177-6a0dc63b9fcf",
    "color" : "#6666FF",
    "position" : {
      "x" : -5.854102,
      "y" : -6.854102,
      "z" : 0.0
    },
    "orientation" : 16
  }, {
    "shape" : "18552569-08cf-481b-8f79-e96e838518d3",
    "color" : "#FFD98C",
    "position" : {
      "x" : -1.618034,
      "y" : 8.472136,
      "z" : -2.618034
    },
    "orientation" : 6
  }, {
    "shape" : "9099fae9-d3d9-41ad-bb10-cfa2059c99c5",
    "color" : "#EC888B",
    "position" : {
      "x" : -2.618034,
      "y" : -6.854102,
      "z" : 5.236068
    },
    "orientation" : 31
  }, {
    "shape" : "016a5b5e-66e6-4db8-8f98-15a392dea17e",
    "color" : "#EC888B",
    "position" : {
      "x" : 0.618034,
      "y" : 6.854102,
      "z" : -5.236068
    },
    "orientation" : 46
  }, {
    "shape" : "d5b33335-5b9f-4853-b4d0-5899b8895d25",
    "color" : "#EC888B",
    "position" : {
      "x" : -7.472136,
      "y" : 4.236068,
      "z" : -1.0
    },
    "orientation" : 45
  }, {
    "shape" : "d5b33335-5b9f-4853-b4d0-5899b8895d25",
    "color" : "#EC888B",
    "position" : {
      "x" : 4.236068,
      "y" : 1.0,
      "z" : 7.472136
    },
    "orientation" : 2
  }, {
    "shape" : "047420a6-d720-451a-b344-a902febf5919",
    "color" : "#EC888B",
    "position" : {
      "x" : -0.618034,
      "y" : 6.854102,
      "z" : 5.236068
    },
    "orientation" : 1
  }, {
    "shape" : "ec55c147-e7f8-4c7d-8bb1-2d818ed7779c",
    "color" : "#EC888B",
    "position" : {
      "x" : 0.0,
      "y" : 7.854102,
      "z" : 3.618034
    },
    "orientation" : 1
  }, {
    "shape" : "d5b33335-5b9f-4853-b4d0-5899b8895d25",
    "color" : "#EC888B",
    "position" : {
      "x" : 7.472136,
      "y" : 4.236068,
      "z" : 1.0
    },
    "orientation" : 0
  }, {
