{
  "polygons": "true",
  "field": "golden",
  "symmetry": "icosahedral",
  "orientations": [
    [
      1,
      0,
      0,
      0,
      0,
      1,
      0,
      0,
      0,
      0,
      1,
      0,
      0,
      0,
      0,
      1
    ],
    [
      0,
      0,
      1,
      0,
      1,
      0,
      0,
      0,
      0,
      1,
      0,
      0,
      0,
      0,
      0,
      1
    ],
    [
      0,
      1,
      0,
      0,
      0,
      0,
      1,
      0,
      1,
      0,
      0,
      0,
      0,
      0,
      0,
      1
    ],
    [
      0.809017,
      0.309017,
      0.5,
      0,
      0.309017,
      0.5,
      -0.809017,
      0,
      -0.5,
      0.809017,
      0.309017,
      0,
      0,
      0,
      0,
      1
    ],
    [
      -0.5,
      0.809017,
      0.309017,
      0,
      0.809017,
      0.309017,
      0.5,
      0,
      0.309017,
      0.5,
      -0.809017,
      0,
      0,
      0,
      0,
      1
    ],
    [
      0.309017,
      0.5,
      -0.809017,
      0,
      -0.5,
      0.809017,
      0.309017,
      0,
      0.809017,
      0.309017,
      0.5,
      0,
      0,
      0,
      0,
      1
    ],
    [
      0.5,
      0.809017,
      0.309017,
      0,
      0.809017,
      -0.309017,
      -0.5,
      0,
      -0.309017,
      0.5,
      -0.809017,
      0,
      0,
      0,
      0,
      1
    ],
    [
      -0.309017,
      0.5,
      -0.809017,
      0,
      0.5,
      0.809017,
      0.309017,
      0,
      0.809017,
      -0.309017,
      -0.5,
      0,
      0,
      0,
      0,
      1
    ],
    [
      0.809017,
      -0.309017,
      -0.5,
      0,
      -0.309017,
      0.5,
      -0.809017,
      0,
      0.5,
      0.809017,
      0.309017,
      0,
      0,
      0,
      0,
      1
    ],
    [
      0.5,
      0.809017,
      -0.309017,
      0,
      0.809017,
      -0.309017,
      0.5,
      0,
      0.309017,
      -0.5,
      -0.809017,
      0,
      0,
      0,
      0,
      1
    ],
    [
      0.309017,
      -0.5,
      -0.809017,
      0,
      0.5,
      0.809017,
      -0.309017,
      0,
      0.809017,
      -0.309017,
      0.5,
      0,
      0,
      0,
      0,
      1
    ],
    [
      0.809017,
      -0.309017,
      0.5,
      0,
      0.309017,
      -0.5,
      -0.809017,
      0,
      0.5,
      0.809017,
      -0.309017,
      0,
      0,
      0,
      0,
      1
    ],
    [
      0.809017,
      0.309017,
      -0.5,
      0,
      0.309017,
      0.5,
      0.809017,
      0,
      0.5,
      -0.809017,
      0.309017,
      0,
      0,
      0,
      0,
      1
    ],
    [
      0.5,
      -0.809017,
      0.309017,
      0,
      0.809017,
      0.309017,
      -0.5,
      0,
      0.309017,
      0.5,
      0.809017,
      0,
      0,
      0,
      0,
      1
    ],
    [
      0.309017,
      0.5,
      0.809017,
      0,
      0.5,
      -0.809017,
      0.309017,
      0,
      0.809017,
      0.309017,
      -0.5,
      0,
      0,
      0,
      0,
      1
    ],
    [
      1,
      0,
      0,
      0,
      0,
      -1,
      0,
      0,
      0,
      0,
      -1,
      0,
      0,
      0,
      0,
      1
    ],
    [
      0,
      0,
      1,
      0,
      -1,
      0,
      0,
      0,
      0,
      -1,
      0,
      0,
      0,
      0,
      0,
      1
    ],
    [
      0,
      1,
      0,
      0,
      0,
      0,
      -1,
      0,
      -1,
      0,
      0,
      0,
      0,
      0,
      0,
      1
    ],
    [
      0.809017,
      0.309017,
      0.5,
      0,
      -0.309017,
      -0.5,
      0.809017,
      0,
      0.5,
      -0.809017,
      -0.309017,
      0,
      0,
      0,
      0,
      1
    ],
    [
      -0.5,
      0.809017,
      0.309017,
      0,
      -0.809017,
      -0.309017,
      -0.5,
      0,
      -0.309017,
      -0.5,
      0.809017,
      0,
      0,
      0,
      0,
      1
    ],
    [
      0.309017,
      0.5,
      -0.809017,
      0,
      0.5,
      -0.809017,
      -0.309017,
      0,
      -0.809017,
      -0.309017,
      -0.5,
      0,
      0,
      0,
      0,
      1
    ],
    [
      0.5,
      0.809017,
      0.309017,
      0,
      -0.809017,
      0.309017,
      0.5,
      0,
      0.309017,
      -0.5,
      0.809017,
      0,
      0,
      0,
      0,
      1
    ],
    [
      -0.309017,
      0.5,
      -0.809017,
      0,
      -0.5,
      -0.809017,
      -0.309017,
      0,
      -0.809017,
      0.309017,
      0.5,
      0,
      0,
      0,
      0,
      1
    ],
    [
      0.809017,
      -0.309017,
      -0.5,
      0,
      0.309017,
      -0.5,
      0.809017,
      0,
      -0.5,
      -0.809017,
      -0.309017,
      0,
      0,
      0,
      0,
      1
    ],
    [
      0.5,
      0.809017,
      -0.309017,
      0,
      -0.809017,
      0.309017,
      -0.5,
      0,
      -0.309017,
      0.5,
      0.809017,
      0,
      0,
      0,
      0,
      1
    ],
    [
      0.309017,
      -0.5,
      -0.809017,
      0,
      -0.5,
      -0.809017,
      0.309017,
      0,
      -0.809017,
      0.309017,
      -0.5,
      0,
      0,
      0,
      0,
      1
    ],
    [
      0.809017,
      -0.309017,
      0.5,
      0,
      -0.309017,
      0.5,
      0.809017,
      0,
      -0.5,
      -0.809017,
      0.309017,
      0,
      0,
      0,
      0,
      1
    ],
    [
      0.809017,
      0.309017,
      -0.5,
      0,
      -0.309017,
      -0.5,
      -0.809017,
      0,
      -0.5,
      0.809017,
      -0.309017,
      0,
      0,
      0,
      0,
      1
    ],
    [
      0.5,
      -0.809017,
      0.309017,
      0,
      -0.809017,
      -0.309017,
      0.5,
      0,
      -0.309017,
      -0.5,
      -0.809017,
      0,
      0,
      0,
      0,
      1
    ],
    [
      0.309017,
      0.5,
      0.809017,
      0,
      -0.5,
      0.809017,
      -0.309017,
      0,
      -0.809017,
      -0.309017,
      0.5,
      0,
      0,
      0,
      0,
      1
    ],
    [
      -1,
      0,
      0,
      0,
      0,
      -1,
      0,
      0,
      0,
      0,
      1,
      0,
      0,
      0,
      0,
      1
    ],
    [
      0,
      0,
      -1,
      0,
      -1,
      0,
      0,
      0,
      0,
      1,
      0,
      0,
      0,
      0,
      0,
      1
    ],
    [
      0,
      -1,
      0,
      0,
      0,
      0,
      -1,
      0,
      1,
      0,
      0,
      0,
      0,
      0,
      0,
      1
    ],
    [
      -0.809017,
      -0.309017,
      -0.5,
      0,
      -0.309017,
      -0.5,
      0.809017,
      0,
      -0.5,
      0.809017,
      0.309017,
      0,
      0,
      0,
      0,
      1
    ],
    [
      0.5,
      -0.809017,
      -0.309017,
      0,
      -0.809017,
      -0.309017,
      -0.5,
      0,
      0.309017,
      0.5,
      -0.809017,
      0,
      0,
      0,
      0,
      1
    ],
    [
      -0.309017,
      -0.5,
      0.809017,
      0,
      0.5,
      -0.809017,
      -0.309017,
      0,
      0.809017,
      0.309017,
      0.5,
      0,
      0,
      0,
      0,
      1
    ],
    [
      -0.5,
      -0.809017,
      -0.309017,
      0,
      -0.809017,
      0.309017,
      0.5,
      0,
      -0.309017,
      0.5,
      -0.809017,
      0,
      0,
      0,
      0,
      1
    ],
    [
      0.309017,
      -0.5,
      0.809017,
      0,
      -0.5,
      -0.809017,
      -0.309017,
      0,
      0.809017,
      -0.309017,
      -0.5,
      0,
      0,
      0,
      0,
      1
    ],
    [
      -0.809017,
      0.309017,
      0.5,
      0,
      0.309017,
      -0.5,
      0.809017,
      0,
      0.5,
      0.809017,
      0.309017,
      0,
      0,
      0,
      0,
      1
    ],
    [
      -0.5,
      -0.809017,
      0.309017,
      0,
      -0.809017,
      0.309017,
      -0.5,
      0,
      0.309017,
      -0.5,
      -0.809017,
      0,
      0,
      0,
      0,
      1
    ],
    [
      -0.309017,
      0.5,
      0.809017,
      0,
      -0.5,
      -0.809017,
      0.309017,
      0,
      0.809017,
      -0.309017,
      0.5,
      0,
      0,
      0,
      0,
      1
    ],
    [
      -0.809017,
      0.309017,
      -0.5,
      0,
      -0.309017,
      0.5,
      0.809017,
      0,
      0.5,
      0.809017,
      -0.309017,
      0,
      0,
      0,
      0,
      1
    ],
    [
      -0.809017,
      -0.309017,
      0.5,
      0,
      -0.309017,
      -0.5,
      -0.809017,
      0,
      0.5,
      -0.809017,
      0.309017,
      0,
      0,
      0,
      0,
      1
    ],
    [
      -0.5,
      0.809017,
      -0.309017,
      0,
      -0.809017,
      -0.309017,
      0.5,
      0,
      0.309017,
      0.5,
      0.809017,
      0,
      0,
      0,
      0,
      1
    ],
    [
      -0.309017,
      -0.5,
      -0.809017,
      0,
      -0.5,
      0.809017,
      -0.309017,
      0,
      0.809017,
      0.309017,
      -0.5,
      0,
      0,
      0,
      0,
      1
    ],
    [
      -1,
      0,
      0,
      0,
      0,
      1,
      0,
      0,
      0,
      0,
      -1,
      0,
      0,
      0,
      0,
      1
    ],
    [
      0,
      0,
      -1,
      0,
      1,
      0,
      0,
      0,
      0,
      -1,
      0,
      0,
      0,
      0,
      0,
      1
    ],
    [
      0,
      -1,
      0,
      0,
      0,
      0,
      1,
      0,
      -1,
      0,
      0,
      0,
      0,
      0,
      0,
      1
    ],
    [
      -0.809017,
      -0.309017,
      -0.5,
      0,
      0.309017,
      0.5,
      -0.809017,
      0,
      0.5,
      -0.809017,
      -0.309017,
      0,
      0,
      0,
      0,
      1
    ],
    [
      0.5,
      -0.809017,
      -0.309017,
      0,
      0.809017,
      0.309017,
      0.5,
      0,
      -0.309017,
      -0.5,
      0.809017,
      0,
      0,
      0,
      0,
      1
    ],
    [
      -0.309017,
      -0.5,
      0.809017,
      0,
      -0.5,
      0.809017,
      0.309017,
      0,
      -0.809017,
      -0.309017,
      -0.5,
      0,
      0,
      0,
      0,
      1
    ],
    [
      -0.5,
      -0.809017,
      -0.309017,
      0,
      0.809017,
      -0.309017,
      -0.5,
      0,
      0.309017,
      -0.5,
      0.809017,
      0,
      0,
      0,
      0,
      1
    ],
    [
      0.309017,
      -0.5,
      0.809017,
      0,
      0.5,
      0.809017,
      0.309017,
      0,
      -0.809017,
      0.309017,
      0.5,
      0,
      0,
      0,
      0,
      1
    ],
    [
      -0.809017,
      0.309017,
      0.5,
      0,
      -0.309017,
      0.5,
      -0.809017,
      0,
      -0.5,
      -0.809017,
      -0.309017,
      0,
      0,
      0,
      0,
      1
    ],
    [
      -0.5,
      -0.809017,
      0.309017,
      0,
      0.809017,
      -0.309017,
      0.5,
      0,
      -0.309017,
      0.5,
      0.809017,
      0,
      0,
      0,
      0,
      1
    ],
    [
      -0.309017,
      0.5,
      0.809017,
      0,
      0.5,
      0.809017,
      -0.309017,
      0,
      -0.809017,
      0.309017,
      -0.5,
      0,
      0,
      0,
      0,
      1
    ],
    [
      -0.809017,
      0.309017,
      -0.5,
      0,
      0.309017,
      -0.5,
      -0.809017,
      0,
      -0.5,
      -0.809017,
      0.309017,
      0,
      0,
      0,
      0,
      1
    ],
    [
      -0.809017,
      -0.309017,
      0.5,
      0,
      0.309017,
      0.5,
      0.809017,
      0,
      -0.5,
      0.809017,
      -0.309017,
      0,
      0,
      0,
      0,
      1
    ],
    [
      -0.5,
      0.809017,
      -0.309017,
      0,
      0.809017,
      0.309017,
      -0.5,
      0,
      -0.309017,
      -0.5,
      -0.809017,
      0,
      0,
      0,
      0,
      1
    ],
    [
      -0.309017,
      -0.5,
      -0.809017,
      0,
      0.5,
      -0.809017,
      0.309017,
      0,
      -0.809017,
      -0.309017,
      0.5,
      0,
      0,
      0,
      0,
      1
    ]
  ],
  "lights": {
    "directionalLights": [
      {
        "direction": [
          1,
          -1,
          -1
        ],
        "color": "#EBEBE4"
      },
      {
        "direction": [
          -1,
          0,
          0
        ],
        "color": "#E4E4EB"
      },
      {
        "direction": [
          0,
          0,
          -1
        ],
        "color": "#1E1E1E"
      }
    ],
    "ambientColor": "#292929",
    "backgroundColor": "#AFC8DC"
  },
  "camera": {
    "position": {
      "x": -38.99441,
      "y": -86.96786,
      "z": 160.40492
    },
    "width": 83.962585,
    "stereo": false,
    "viewDistance": 186.5836,
    "nearClipDistance": 0.46645892,
    "farClipDistance": 373.16714,
    "lookAtPoint": {
      "x": 0,
      "y": 0,
      "z": 0
    },
    "fieldOfView": 0.4426287,
    "perspective": true,
    "lookDirection": {
      "x": 0.20899163,
      "y": 0.46610665,
      "z": -0.8596946
    },
    "upDirection": {
      "x": 0.40946662,
      "y": 0.7566227,
      "z": 0.50976515
    }
  },
  "embedding": [
    1,
    0,
    0,
    0,
    0,
    1,
    0,
    0,
    0,
    0,
    1,
    0,
    0,
    0,
    0,
    1
  ],
  "shapes": [
    {
      "id": "9d32b9c7-dcf9-493f-94cd-a9e0c3fcc36a",
      "vertices": [
        {
          "x": 0,
          "y": 0,
          "z": 0
        },
        {
          "x": 6.6375594,
          "y": -1.5669153,
          "z": 0
        },
        {
          "x": 6.6375594,
          "y": 0.8451074,
          "z": -10.217492
        },
        {
          "x": -2.8345764,
          "y": 2.0511186,
          "z": -5.854102
        }
      ],
      "faces": [
        {
          "vertices": [
            0,
            1,
            2,
            3
          ]
        },
        {
          "vertices": [
            0,
            3,
            2,
            1
          ]
        }
      ]
    }
  ],
  "instances": [
    {
      "shape": "9d32b9c7-dcf9-493f-94cd-a9e0c3fcc36a",
      "color": "#D7C3FF",
      "position": {
        "x": 0,
        "y": -6.6375594,
        "z": 17.377357
      },
      "orientation": 26
    },
    {
      "shape": "9d32b9c7-dcf9-493f-94cd-a9e0c3fcc36a",
      "color": "#D7C3FF",
      "position": {
        "x": -6.6375594,
        "y": -17.377357,
        "z": 0
      },
      "orientation": 0
    },
    {
      "shape": "9d32b9c7-dcf9-493f-94cd-a9e0c3fcc36a",
      "color": "#D7C3FF",
      "position": {
        "x": -10.739797,
        "y": -10.739797,
        "z": -10.739797
      },
      "orientation": 4
    },
    {
      "shape": "9d32b9c7-dcf9-493f-94cd-a9e0c3fcc36a",
      "color": "#D7C3FF",
      "position": {
        "x": -6.6375594,
        "y": -17.377357,
        "z": 0
      },
      "orientation": 7
    },
    {
      "shape": "9d32b9c7-dcf9-493f-94cd-a9e0c3fcc36a",
      "color": "#D7C3FF",
      "position": {
        "x": 17.377357,
        "y": 0,
        "z": 6.6375594
      },
      "orientation": 51
    },
    {
      "shape": "9d32b9c7-dcf9-493f-94cd-a9e0c3fcc36a",
      "color": "#D7C3FF",
      "position": {
        "x": 0,
        "y": -6.6375594,
        "z": -17.377357
      },
      "orientation": 41
    },
    {
      "shape": "9d32b9c7-dcf9-493f-94cd-a9e0c3fcc36a",
      "color": "#D7C3FF",
      "position": {
        "x": 17.377357,
        "y": 0,
        "z": -6.6375594
      },
      "orientation": 36
    },
    {
      "shape": "9d32b9c7-dcf9-493f-94cd-a9e0c3fcc36a",
      "color": "#D7C3FF",
      "position": {
        "x": -10.739797,
        "y": 10.739797,
        "z": 10.739797
      },
      "orientation": 18
    },
    {
      "shape": "9d32b9c7-dcf9-493f-94cd-a9e0c3fcc36a",
      "color": "#D7C3FF",
      "position": {
        "x": 10.739797,
        "y": -10.739797,
        "z": -10.739797
      },
      "orientation": 44
    },
    {
      "shape": "9d32b9c7-dcf9-493f-94cd-a9e0c3fcc36a",
      "color": "#D7C3FF",
      "position": {
        "x": 0,
        "y": -6.6375594,
        "z": -17.377357
      },
      "orientation": 1
    },
    {
      "shape": "9d32b9c7-dcf9-493f-94cd-a9e0c3fcc36a",
      "color": "#D7C3FF",
      "position": {
        "x": -10.739797,
        "y": -10.739797,
        "z": 10.739797
      },
      "orientation": 58
    },
    {
      "shape": "9d32b9c7-dcf9-493f-94cd-a9e0c3fcc36a",
      "color": "#D7C3FF",
      "position": {
        "x": 0,
        "y": 6.6375594,
        "z": -17.377357
      },
      "orientation": 11
    },
    {
      "shape": "9d32b9c7-dcf9-493f-94cd-a9e0c3fcc36a",
      "color": "#D7C3FF",
      "position": {
        "x": -10.739797,
        "y": -10.739797,
        "z": -10.739797
      },
      "orientation": 5
    },
    {
      "shape": "9d32b9c7-dcf9-493f-94cd-a9e0c3fcc36a",
      "color": "#D7C3FF",
      "position": {
        "x": -6.6375594,
        "y": -17.377357,
        "z": 0
      },
      "orientation": 55
    },
    {
      "shape": "9d32b9c7-dcf9-493f-94cd-a9e0c3fcc36a",
      "color": "#D7C3FF",
      "position": {
        "x": 0,
        "y": 6.6375594,
        "z": -17.377357
      },
      "orientation": 38
    },
    {
      "shape": "9d32b9c7-dcf9-493f-94cd-a9e0c3fcc36a",
      "color": "#D7C3FF",
      "position": {
        "x": 10.739797,
        "y": 10.739797,
        "z": 10.739797
      },
      "orientation": 59
    },
    {
      "shape": "9d32b9c7-dcf9-493f-94cd-a9e0c3fcc36a",
      "color": "#D7C3FF",
      "position": {
        "x": 0,
        "y": 6.6375594,
        "z": 17.377357
      },
      "orientation": 16
    },
    {
      "shape": "9d32b9c7-dcf9-493f-94cd-a9e0c3fcc36a",
      "color": "#D7C3FF",
      "position": {
        "x": 10.739797,
        "y": -10.739797,
        "z": 10.739797
      },
      "orientation": 49
    },
    {
      "shape": "9d32b9c7-dcf9-493f-94cd-a9e0c3fcc36a",
      "color": "#D7C3FF",
      "position": {
        "x": 10.739797,
        "y": -10.739797,
        "z": 10.739797
      },
      "orientation": 50
    },
    {
      "shape": "9d32b9c7-dcf9-493f-94cd-a9e0c3fcc36a",
      "color": "#D7C3FF",
      "position": {
        "x": 6.6375594,
        "y": 17.377357,
        "z": 0
      },
      "orientation": 30
    },
    {
      "shape": "9d32b9c7-dcf9-493f-94cd-a9e0c3fcc36a",
      "color": "#D7C3FF",
      "position": {
        "x": 0,
        "y": 6.6375594,
        "z": -17.377357
      },
      "orientation": 31
    },
    {
      "shape": "9d32b9c7-dcf9-493f-94cd-a9e0c3fcc36a",
      "color": "#D7C3FF",
      "position": {
        "x": 10.739797,
        "y": 10.739797,
        "z": 10.739797
      },
      "orientation": 42
    },
    {
      "shape": "9d32b9c7-dcf9-493f-94cd-a9e0c3fcc36a",
      "color": "#D7C3FF",
      "position": {
        "x": -17.377357,
        "y": 0,
        "z": -6.6375594
      },
      "orientation": 6
    },
    {
      "shape": "9d32b9c7-dcf9-493f-94cd-a9e0c3fcc36a",
      "color": "#D7C3FF",
      "position": {
        "x": -10.739797,
        "y": 10.739797,
        "z": 10.739797
      },
      "orientation": 19
    },
    {
      "shape": "9d32b9c7-dcf9-493f-94cd-a9e0c3fcc36a",
      "color": "#D7C3FF",
      "position": {
        "x": 6.6375594,
        "y": -17.377357,
        "z": 0
      },
      "orientation": 45
    },
    {
      "shape": "9d32b9c7-dcf9-493f-94cd-a9e0c3fcc36a",
      "color": "#D7C3FF",
      "position": {
        "x": 10.739797,
        "y": 10.739797,
        "z": -10.739797
      },
      "orientation": 34
    },
    {
      "shape": "9d32b9c7-dcf9-493f-94cd-a9e0c3fcc36a",
      "color": "#D7C3FF",
      "position": {
        "x": 10.739797,
        "y": -10.739797,
        "z": -10.739797
      },
      "orientation": 57
    },
    {
      "shape": "9d32b9c7-dcf9-493f-94cd-a9e0c3fcc36a",
      "color": "#D7C3FF",
      "position": {
        "x": -10.739797,
        "y": 10.739797,
        "z": -10.739797
      },
      "orientation": 43
    },
    {
      "shape": "9d32b9c7-dcf9-493f-94cd-a9e0c3fcc36a",
      "color": "#D7C3FF",
      "position": {
        "x": 0,
        "y": 6.6375594,
        "z": 17.377357
      },
      "orientation": 23
    },
    {
      "shape": "9d32b9c7-dcf9-493f-94cd-a9e0c3fcc36a",
      "color": "#D7C3FF",
      "position": {
        "x": -10.739797,
        "y": -10.739797,
        "z": 10.739797
      },
      "orientation": 29
    },
    {
      "shape": "9d32b9c7-dcf9-493f-94cd-a9e0c3fcc36a",
      "color": "#D7C3FF",
      "position": {
        "x": -10.739797,
        "y": 10.739797,
        "z": -10.739797
      },
      "orientation": 27
    },
    {
      "shape": "9d32b9c7-dcf9-493f-94cd-a9e0c3fcc36a",
      "color": "#D7C3FF",
      "position": {
        "x": 0,
        "y": -6.6375594,
        "z": -17.377357
      },
      "orientation": 8
    },
    {
      "shape": "9d32b9c7-dcf9-493f-94cd-a9e0c3fcc36a",
      "color": "#D7C3FF",
      "position": {
        "x": -10.739797,
        "y": -10.739797,
        "z": -10.739797
      },
      "orientation": 3
    },
    {
      "shape": "9d32b9c7-dcf9-493f-94cd-a9e0c3fcc36a",
      "color": "#D7C3FF",
      "position": {
        "x": -10.739797,
        "y": 10.739797,
        "z": -10.739797
      },
      "orientation": 14
    },
    {
      "shape": "9d32b9c7-dcf9-493f-94cd-a9e0c3fcc36a",
      "color": "#D7C3FF",
      "position": {
        "x": 6.6375594,
        "y": -17.377357,
        "z": 0
      },
      "orientation": 10
    },
    {
      "shape": "9d32b9c7-dcf9-493f-94cd-a9e0c3fcc36a",
      "color": "#D7C3FF",
      "position": {
        "x": 17.377357,
        "y": 0,
        "z": 6.6375594
      },
      "orientation": 47
    },
    {
      "shape": "9d32b9c7-dcf9-493f-94cd-a9e0c3fcc36a",
      "color": "#D7C3FF",
      "position": {
        "x": -17.377357,
        "y": 0,
        "z": 6.6375594
      },
      "orientation": 21
    },
    {
      "shape": "9d32b9c7-dcf9-493f-94cd-a9e0c3fcc36a",
      "color": "#D7C3FF",
      "position": {
        "x": 10.739797,
        "y": 10.739797,
        "z": 10.739797
      },
      "orientation": 28
    },
    {
      "shape": "9d32b9c7-dcf9-493f-94cd-a9e0c3fcc36a",
      "color": "#D7C3FF",
      "position": {
        "x": 17.377357,
        "y": 0,
        "z": -6.6375594
      },
      "orientation": 32
    },
    {
      "shape": "9d32b9c7-dcf9-493f-94cd-a9e0c3fcc36a",
      "color": "#D7C3FF",
      "position": {
        "x": 0,
        "y": 6.6375594,
        "z": 17.377357
      },
      "orientation": 56
    },
    {
      "shape": "9d32b9c7-dcf9-493f-94cd-a9e0c3fcc36a",
      "color": "#D7C3FF",
      "position": {
        "x": -17.377357,
        "y": 0,
        "z": -6.6375594
      },
      "orientation": 24
    },
    {
      "shape": "9d32b9c7-dcf9-493f-94cd-a9e0c3fcc36a",
      "color": "#D7C3FF",
      "position": {
        "x": 0,
        "y": -6.6375594,
        "z": 17.377357
      },
      "orientation": 53
    },
    {
      "shape": "9d32b9c7-dcf9-493f-94cd-a9e0c3fcc36a",
      "color": "#D7C3FF",
      "position": {
        "x": 17.377357,
        "y": 0,
        "z": -6.6375594
      },
      "orientation": 54
    },
    {
      "shape": "9d32b9c7-dcf9-493f-94cd-a9e0c3fcc36a",
      "color": "#D7C3FF",
      "position": {
        "x": 10.739797,
        "y": 10.739797,
        "z": -10.739797
      },
      "orientation": 33
    },
    {
      "shape": "9d32b9c7-dcf9-493f-94cd-a9e0c3fcc36a",
      "color": "#D7C3FF",
      "position": {
        "x": -10.739797,
        "y": -10.739797,
        "z": 10.739797
      },
      "orientation": 12
    },
    {
      "shape": "9d32b9c7-dcf9-493f-94cd-a9e0c3fcc36a",
      "color": "#D7C3FF",
      "position": {
        "x": 10.739797,
        "y": 10.739797,
        "z": -10.739797
      },
      "orientation": 35
    },
    {
      "shape": "9d32b9c7-dcf9-493f-94cd-a9e0c3fcc36a",
      "color": "#D7C3FF",
      "position": {
        "x": -6.6375594,
        "y": 17.377357,
        "z": 0
      },
      "orientation": 40
    },
    {
      "shape": "9d32b9c7-dcf9-493f-94cd-a9e0c3fcc36a",
      "color": "#D7C3FF",
      "position": {
        "x": -6.6375594,
        "y": 17.377357,
        "z": 0
      },
      "orientation": 15
    },
    {
      "shape": "9d32b9c7-dcf9-493f-94cd-a9e0c3fcc36a",
      "color": "#D7C3FF",
      "position": {
        "x": -17.377357,
        "y": 0,
        "z": 6.6375594
      },
      "orientation": 9
    },
    {
      "shape": "9d32b9c7-dcf9-493f-94cd-a9e0c3fcc36a",
      "color": "#D7C3FF",
      "position": {
        "x": 6.6375594,
        "y": 17.377357,
        "z": 0
      },
      "orientation": 37
    },
    {
      "shape": "9d32b9c7-dcf9-493f-94cd-a9e0c3fcc36a",
      "color": "#D7C3FF",
      "position": {
        "x": 6.6375594,
        "y": -17.377357,
        "z": 0
      },
      "orientation": 52
    },
    {
      "shape": "9d32b9c7-dcf9-493f-94cd-a9e0c3fcc36a",
      "color": "#D7C3FF",
      "position": {
        "x": -17.377357,
        "y": 0,
        "z": -6.6375594
      },
      "orientation": 2
    },
    {
      "shape": "9d32b9c7-dcf9-493f-94cd-a9e0c3fcc36a",
      "color": "#D7C3FF",
      "position": {
        "x": 17.377357,
        "y": 0,
        "z": 6.6375594
      },
      "orientation": 39
    },
    {
      "shape": "9d32b9c7-dcf9-493f-94cd-a9e0c3fcc36a",
      "color": "#D7C3FF",
      "position": {
        "x": -10.739797,
        "y": 10.739797,
        "z": 10.739797
      },
      "orientation": 20
    },
    {
      "shape": "9d32b9c7-dcf9-493f-94cd-a9e0c3fcc36a",
      "color": "#D7C3FF",
      "position": {
        "x": 10.739797,
        "y": -10.739797,
        "z": 10.739797
      },
      "orientation": 48
    },
    {
      "shape": "9d32b9c7-dcf9-493f-94cd-a9e0c3fcc36a",
      "color": "#D7C3FF",
      "position": {
        "x": -6.6375594,
        "y": 17.377357,
        "z": 0
      },
      "orientation": 22
    },
    {
      "shape": "9d32b9c7-dcf9-493f-94cd-a9e0c3fcc36a",
      "color": "#D7C3FF",
      "position": {
        "x": 10.739797,
        "y": -10.739797,
        "z": -10.739797
      },
      "orientation": 13
    },
    {
      "shape": "9d32b9c7-dcf9-493f-94cd-a9e0c3fcc36a",
      "color": "#D7C3FF",
      "position": {
        "x": 6.6375594,
        "y": 17.377357,
        "z": 0
      },
      "orientation": 25
    },
    {
      "shape": "9d32b9c7-dcf9-493f-94cd-a9e0c3fcc36a",
      "color": "#D7C3FF",
      "position": {
        "x": -17.377357,
        "y": 0,
        "z": 6.6375594
      },
      "orientation": 17
    },
    {
      "shape": "9d32b9c7-dcf9-493f-94cd-a9e0c3fcc36a",
      "color": "#D7C3FF",
      "position": {
        "x": 0,
        "y": -6.6375594,
        "z": 17.377357
      },
      "orientation": 46
    }
  ],
  "scenes": [],
  "snapshots": []
}