{
  "polygons" : "true",
  "field" : "golden",
  "symmetry" : "icosahedral",
  "orientations" : [ [ 1.0, 0.0, 0.0, 0.0, 0.0, 1.0, 0.0, 0.0, 0.0, 0.0, 1.0, 0.0, 0.0, 0.0, 0.0, 1.0 ], [ 0.0, 0.0, 1.0, 0.0, 1.0, 0.0, 0.0, 0.0, 0.0, 1.0, 0.0, 0.0, 0.0, 0.0, 0.0, 1.0 ], [ 0.0, 1.0, 0.0, 0.0, 0.0, 0.0, 1.0, 0.0, 1.0, 0.0, 0.0, 0.0, 0.0, 0.0, 0.0, 1.0 ], [ 0.809017, 0.309017, 0.5, 0.0, 0.309017, 0.5, -0.809017, 0.0, -0.5, 0.809017, 0.309017, 0.0, 0.0, 0.0, 0.0, 1.0 ], [ -0.5, 0.809017, 0.309017, 0.0, 0.809017, 0.309017, 0.5, 0.0, 0.309017, 0.5, -0.809017, 0.0, 0.0, 0.0, 0.0, 1.0 ], [ 0.309017, 0.5, -0.809017, 0.0, -0.5, 0.809017, 0.309017, 0.0, 0.809017, 0.309017, 0.5, 0.0, 0.0, 0.0, 0.0, 1.0 ], [ 0.5, 0.809017, 0.309017, 0.0, 0.809017, -0.309017, -0.5, 0.0, -0.309017, 0.5, -0.809017, 0.0, 0.0, 0.0, 0.0, 1.0 ], [ -0.309017, 0.5, -0.809017, 0.0, 0.5, 0.809017, 0.309017, 0.0, 0.809017, -0.309017, -0.5, 0.0, 0.0, 0.0, 0.0, 1.0 ], [ 0.809017, -0.309017, -0.5, 0.0, -0.309017, 0.5, -0.809017, 0.0, 0.5, 0.809017, 0.309017, 0.0, 0.0, 0.0, 0.0, 1.0 ], [ 0.5, 0.809017, -0.309017, 0.0, 0.809017, -0.309017, 0.5, 0.0, 0.309017, -0.5, -0.809017, 0.0, 0.0, 0.0, 0.0, 1.0 ], [ 0.309017, -0.5, -0.809017, 0.0, 0.5, 0.809017, -0.309017, 0.0, 0.809017, -0.309017, 0.5, 0.0, 0.0, 0.0, 0.0, 1.0 ], [ 0.809017, -0.309017, 0.5, 0.0, 0.309017, -0.5, -0.809017, 0.0, 0.5, 0.809017, -0.309017, 0.0, 0.0, 0.0, 0.0, 1.0 ], [ 0.809017, 0.309017, -0.5, 0.0, 0.309017, 0.5, 0.809017, 0.0, 0.5, -0.809017, 0.309017, 0.0, 0.0, 0.0, 0.0, 1.0 ], [ 0.5, -0.809017, 0.309017, 0.0, 0.809017, 0.309017, -0.5, 0.0, 0.309017, 0.5, 0.809017, 0.0, 0.0, 0.0, 0.0, 1.0 ], [ 0.309017, 0.5, 0.809017, 0.0, 0.5, -0.809017, 0.309017, 0.0, 0.809017, 0.309017, -0.5, 0.0, 0.0, 0.0, 0.0, 1.0 ], [ 1.0, 0.0, 0.0, 0.0, 0.0, -1.0, 0.0, 0.0, 0.0, 0.0, -1.0, 0.0, 0.0, 0.0, 0.0, 1.0 ], [ 0.0, 0.0, 1.0, 0.0, -1.0, 0.0, 0.0, 0.0, 0.0, -1.0, 0.0, 0.0, 0.0, 0.0, 0.0, 1.0 ], [ 0.0, 1.0, 0.0, 0.0, 0.0, 0.0, -1.0, 0.0, -1.0, 0.0, 0.0, 0.0, 0.0, 0.0, 0.0, 1.0 ], [ 0.809017, 0.309017, 0.5, 0.0, -0.309017, -0.5, 0.809017, 0.0, 0.5, -0.809017, -0.309017, 0.0, 0.0, 0.0, 0.0, 1.0 ], [ -0.5, 0.809017, 0.309017, 0.0, -0.809017, -0.309017, -0.5, 0.0, -0.309017, -0.5, 0.809017, 0.0, 0.0, 0.0, 0.0, 1.0 ], [ 0.309017, 0.5, -0.809017, 0.0, 0.5, -0.809017, -0.309017, 0.0, -0.809017, -0.309017, -0.5, 0.0, 0.0, 0.0, 0.0, 1.0 ], [ 0.5, 0.809017, 0.309017, 0.0, -0.809017, 0.309017, 0.5, 0.0, 0.309017, -0.5, 0.809017, 0.0, 0.0, 0.0, 0.0, 1.0 ], [ -0.309017, 0.5, -0.809017, 0.0, -0.5, -0.809017, -0.309017, 0.0, -0.809017, 0.309017, 0.5, 0.0, 0.0, 0.0, 0.0, 1.0 ], [ 0.809017, -0.309017, -0.5, 0.0, 0.309017, -0.5, 0.809017, 0.0, -0.5, -0.809017, -0.309017, 0.0, 0.0, 0.0, 0.0, 1.0 ], [ 0.5, 0.809017, -0.309017, 0.0, -0.809017, 0.309017, -0.5, 0.0, -0.309017, 0.5, 0.809017, 0.0, 0.0, 0.0, 0.0, 1.0 ], [ 0.309017, -0.5, -0.809017, 0.0, -0.5, -0.809017, 0.309017, 0.0, -0.809017, 0.309017, -0.5, 0.0, 0.0, 0.0, 0.0, 1.0 ], [ 0.809017, -0.309017, 0.5, 0.0, -0.309017, 0.5, 0.809017, 0.0, -0.5, -0.809017, 0.309017, 0.0, 0.0, 0.0, 0.0, 1.0 ], [ 0.809017, 0.309017, -0.5, 0.0, -0.309017, -0.5, -0.809017, 0.0, -0.5, 0.809017, -0.309017, 0.0, 0.0, 0.0, 0.0, 1.0 ], [ 0.5, -0.809017, 0.309017, 0.0, -0.809017, -0.309017, 0.5, 0.0, -0.309017, -0.5, -0.809017, 0.0, 0.0, 0.0, 0.0, 1.0 ], [ 0.309017, 0.5, 0.809017, 0.0, -0.5, 0.809017, -0.309017, 0.0, -0.809017, -0.309017, 0.5, 0.0, 0.0, 0.0, 0.0, 1.0 ], [ -1.0, 0.0, 0.0, 0.0, 0.0, -1.0, 0.0, 0.0, 0.0, 0.0, 1.0, 0.0, 0.0, 0.0, 0.0, 1.0 ], [ 0.0, 0.0, -1.0, 0.0, -1.0, 0.0, 0.0, 0.0, 0.0, 1.0, 0.0, 0.0, 0.0, 0.0, 0.0, 1.0 ], [ 0.0, -1.0, 0.0, 0.0, 0.0, 0.0, -1.0, 0.0, 1.0, 0.0, 0.0, 0.0, 0.0, 0.0, 0.0, 1.0 ], [ -0.809017, -0.309017, -0.5, 0.0, -0.309017, -0.5, 0.809017, 0.0, -0.5, 0.809017, 0.309017, 0.0, 0.0, 0.0, 0.0, 1.0 ], [ 0.5, -0.809017, -0.309017, 0.0, -0.809017, -0.309017, -0.5, 0.0, 0.309017, 0.5, -0.809017, 0.0, 0.0, 0.0, 0.0, 1.0 ], [ -0.309017, -0.5, 0.809017, 0.0, 0.5, -0.809017, -0.309017, 0.0, 0.809017, 0.309017, 0.5, 0.0, 0.0, 0.0, 0.0, 1.0 ], [ -0.5, -0.809017, -0.309017, 0.0, -0.809017, 0.309017, 0.5, 0.0, -0.309017, 0.5, -0.809017, 0.0, 0.0, 0.0, 0.0, 1.0 ], [ 0.309017, -0.5, 0.809017, 0.0, -0.5, -0.809017, -0.309017, 0.0, 0.809017, -0.309017, -0.5, 0.0, 0.0, 0.0, 0.0, 1.0 ], [ -0.809017, 0.309017, 0.5, 0.0, 0.309017, -0.5, 0.809017, 0.0, 0.5, 0.809017, 0.309017, 0.0, 0.0, 0.0, 0.0, 1.0 ], [ -0.5, -0.809017, 0.309017, 0.0, -0.809017, 0.309017, -0.5, 0.0, 0.309017, -0.5, -0.809017, 0.0, 0.0, 0.0, 0.0, 1.0 ], [ -0.309017, 0.5, 0.809017, 0.0, -0.5, -0.809017, 0.309017, 0.0, 0.809017, -0.309017, 0.5, 0.0, 0.0, 0.0, 0.0, 1.0 ], [ -0.809017, 0.309017, -0.5, 0.0, -0.309017, 0.5, 0.809017, 0.0, 0.5, 0.809017, -0.309017, 0.0, 0.0, 0.0, 0.0, 1.0 ], [ -0.809017, -0.309017, 0.5, 0.0, -0.309017, -0.5, -0.809017, 0.0, 0.5, -0.809017, 0.309017, 0.0, 0.0, 0.0, 0.0, 1.0 ], [ -0.5, 0.809017, -0.309017, 0.0, -0.809017, -0.309017, 0.5, 0.0, 0.309017, 0.5, 0.809017, 0.0, 0.0, 0.0, 0.0, 1.0 ], [ -0.309017, -0.5, -0.809017, 0.0, -0.5, 0.809017, -0.309017, 0.0, 0.809017, 0.309017, -0.5, 0.0, 0.0, 0.0, 0.0, 1.0 ], [ -1.0, 0.0, 0.0, 0.0, 0.0, 1.0, 0.0, 0.0, 0.0, 0.0, -1.0, 0.0, 0.0, 0.0, 0.0, 1.0 ], [ 0.0, 0.0, -1.0, 0.0, 1.0, 0.0, 0.0, 0.0, 0.0, -1.0, 0.0, 0.0, 0.0, 0.0, 0.0, 1.0 ], [ 0.0, -1.0, 0.0, 0.0, 0.0, 0.0, 1.0, 0.0, -1.0, 0.0, 0.0, 0.0, 0.0, 0.0, 0.0, 1.0 ], [ -0.809017, -0.309017, -0.5, 0.0, 0.309017, 0.5, -0.809017, 0.0, 0.5, -0.809017, -0.309017, 0.0, 0.0, 0.0, 0.0, 1.0 ], [ 0.5, -0.809017, -0.309017, 0.0, 0.809017, 0.309017, 0.5, 0.0, -0.309017, -0.5, 0.809017, 0.0, 0.0, 0.0, 0.0, 1.0 ], [ -0.309017, -0.5, 0.809017, 0.0, -0.5, 0.809017, 0.309017, 0.0, -0.809017, -0.309017, -0.5, 0.0, 0.0, 0.0, 0.0, 1.0 ], [ -0.5, -0.809017, -0.309017, 0.0, 0.809017, -0.309017, -0.5, 0.0, 0.309017, -0.5, 0.809017, 0.0, 0.0, 0.0, 0.0, 1.0 ], [ 0.309017, -0.5, 0.809017, 0.0, 0.5, 0.809017, 0.309017, 0.0, -0.809017, 0.309017, 0.5, 0.0, 0.0, 0.0, 0.0, 1.0 ], [ -0.809017, 0.309017, 0.5, 0.0, -0.309017, 0.5, -0.809017, 0.0, -0.5, -0.809017, -0.309017, 0.0, 0.0, 0.0, 0.0, 1.0 ], [ -0.5, -0.809017, 0.309017, 0.0, 0.809017, -0.309017, 0.5, 0.0, -0.309017, 0.5, 0.809017, 0.0, 0.0, 0.0, 0.0, 1.0 ], [ -0.309017, 0.5, 0.809017, 0.0, 0.5, 0.809017, -0.309017, 0.0, -0.809017, 0.309017, -0.5, 0.0, 0.0, 0.0, 0.0, 1.0 ], [ -0.809017, 0.309017, -0.5, 0.0, 0.309017, -0.5, -0.809017, 0.0, -0.5, -0.809017, 0.309017, 0.0, 0.0, 0.0, 0.0, 1.0 ], [ -0.809017, -0.309017, 0.5, 0.0, 0.309017, 0.5, 0.809017, 0.0, -0.5, 0.809017, -0.309017, 0.0, 0.0, 0.0, 0.0, 1.0 ], [ -0.5, 0.809017, -0.309017, 0.0, 0.809017, 0.309017, -0.5, 0.0, -0.309017, -0.5, -0.809017, 0.0, 0.0, 0.0, 0.0, 1.0 ], [ -0.309017, -0.5, -0.809017, 0.0, 0.5, -0.809017, 0.309017, 0.0, -0.809017, -0.309017, 0.5, 0.0, 0.0, 0.0, 0.0, 1.0 ] ],
  "lights" : {
    "directionalLights" : [ {
      "direction" : [ 1.0, -1.0, -1.0 ],
      "color" : "#EBEBE4"
    }, {
      "direction" : [ -1.0, 0.0, 0.0 ],
      "color" : "#E4E4EB"
    }, {
      "direction" : [ 0.0, 0.0, -1.0 ],
      "color" : "#1E1E1E"
    } ],
    "ambientColor" : "#292929",
    "backgroundColor" : "#AFC8DC"
  },
  "camera" : {
    "position" : {
      "x" : -183.25914,
      "y" : 94.42682,
      "z" : 4.6195245
    },
    "stereo" : false,
    "width" : 92.79302,
    "perspective" : false,
    "lookDirection" : {
      "x" : 0.88871545,
      "y" : -0.457923,
      "z" : -0.022402389
    },
    "upDirection" : {
      "x" : 0.13544458,
      "y" : 0.2155433,
      "z" : 0.9670633
    },
    "lookAtPoint" : {
      "x" : 0.0,
      "y" : 0.0,
      "z" : 0.0
    },
    "viewDistance" : 206.20677,
    "nearClipDistance" : 0.51551676,
    "farClipDistance" : 412.41293,
    "fieldOfView" : 0.44262877
  },
  "embedding" : [ 1.0, 0.0, 0.0, 0.0, 0.0, 1.0, 0.0, 0.0, 0.0, 0.0, 1.0, 0.0, 0.0, 0.0, 0.0, 1.0 ],
  "shapes" : [ {
    "id" : "83e03ccf-b7a6-480c-96b1-aa15e2407f2f",
    "orbit" : "blue",
    "orbitC" : "[[0,0,1],[0,0,1]]",
    "length" : "[1,0,1]",
    "name" : "b1",
    "vertices" : [ {
      "x" : 7.472136,
      "y" : 0.309017,
      "z" : 0.19098301
    }, {
      "x" : 7.472136,
      "y" : 0.309017,
      "z" : -0.19098301
    }, {
      "x" : 1.0,
      "y" : 0.309017,
      "z" : -0.19098301
    }, {
      "x" : 1.0,
      "y" : 0.309017,
      "z" : 0.19098301
    }, {
      "x" : 7.472136,
      "y" : -0.309017,
      "z" : 0.19098301
    }, {
      "x" : 1.0,
      "y" : -0.309017,
      "z" : 0.19098301
    }, {
      "x" : 1.0,
      "y" : -0.309017,
      "z" : -0.19098301
    }, {
      "x" : 7.472136,
      "y" : -0.309017,
      "z" : -0.19098301
    }, {
      "x" : 8.472136,
      "y" : 0.0,
      "z" : 0.0
    } ],
    "faces" : [ {
      "vertices" : [ 1, 7, 6, 2 ]
    }, {
      "vertices" : [ 0, 1, 2, 3 ]
    }, {
      "vertices" : [ 4, 5, 6, 7 ]
    }, {
      "vertices" : [ 0, 3, 5, 4 ]
    } ]
  }, {
    "id" : "c2c74283-22a7-4b27-91d5-a1bfd4a17717",
    "name" : "ball",
    "vertices" : [ {
      "x" : 0.309017,
      "y" : -0.809017,
      "z" : 0.618034
    }, {
      "x" : 0.809017,
      "y" : -0.618034,
      "z" : 0.309017
    }, {
      "x" : 0.618034,
      "y" : -0.309017,
      "z" : 0.809017
    }, {
      "x" : 1.0,
      "y" : 0.309017,
      "z" : 0.19098301
    }, {
      "x" : 0.809017,
      "y" : 0.618034,
      "z" : 0.309017
    }, {
      "x" : 0.618034,
      "y" : 0.309017,
      "z" : 0.809017
    }, {
      "x" : 0.809017,
      "y" : 0.0,
      "z" : 0.690983
    }, {
      "x" : 0.19098301,
      "y" : -1.0,
      "z" : 0.309017
    }, {
      "x" : -0.19098301,
      "y" : -1.0,
      "z" : 0.309017
    }, {
      "x" : -0.19098301,
      "y" : -1.0,
      "z" : -0.309017
    }, {
      "x" : 0.19098301,
      "y" : -1.0,
      "z" : -0.309017
    }, {
      "x" : 1.0,
      "y" : -0.309017,
      "z" : -0.19098301
    }, {
      "x" : 0.809017,
      "y" : -0.618034,
      "z" : -0.309017
    }, {
      "x" : 0.618034,
      "y" : -0.309017,
      "z" : -0.809017
    }, {
      "x" : 0.809017,
      "y" : 0.0,
      "z" : -0.690983
    }, {
      "x" : 0.0,
      "y" : 0.690983,
      "z" : -0.809017
    }, {
      "x" : 0.309017,
      "y" : 0.809017,
      "z" : -0.618034
    }, {
      "x" : 0.618034,
      "y" : 0.309017,
      "z" : -0.809017
    }, {
      "x" : 0.309017,
      "y" : 0.19098301,
      "z" : -1.0
    }, {
      "x" : 1.0,
      "y" : 0.309017,
      "z" : -0.19098301
    }, {
      "x" : -0.309017,
      "y" : -0.809017,
      "z" : 0.618034
    }, {
      "x" : 0.0,
      "y" : -0.690983,
      "z" : 0.809017
    }, {
      "x" : 0.809017,
      "y" : 0.618034,
      "z" : -0.309017
    }, {
      "x" : 0.690983,
      "y" : 0.809017,
      "z" : 0.0
    }, {
      "x" : -0.690983,
      "y" : 0.809017,
      "z" : 0.0
    }, {
      "x" : -0.809017,
      "y" : 0.618034,
      "z" : 0.309017
    }, {
      "x" : -0.309017,
      "y" : 0.809017,
      "z" : 0.618034
    }, {
      "x" : -0.19098301,
      "y" : 1.0,
      "z" : 0.309017
    }, {
      "x" : 0.309017,
      "y" : -0.19098301,
      "z" : -1.0
    }, {
      "x" : 0.19098301,
      "y" : 1.0,
      "z" : 0.309017
    }, {
      "x" : 0.309017,
      "y" : 0.809017,
      "z" : 0.618034
    }, {
      "x" : -0.809017,
      "y" : -0.618034,
      "z" : 0.309017
    }, {
      "x" : -0.690983,
      "y" : -0.809017,
      "z" : 0.0
    }, {
      "x" : 0.0,
      "y" : 0.690983,
      "z" : 0.809017
    }, {
      "x" : 0.309017,
      "y" : -0.809017,
      "z" : -0.618034
    }, {
      "x" : 0.0,
      "y" : -0.690983,
      "z" : -0.809017
    }, {
      "x" : -1.0,
      "y" : 0.309017,
      "z" : 0.19098301
    }, {
      "x" : -0.809017,
      "y" : 0.0,
      "z" : 0.690983
    }, {
      "x" : -0.618034,
      "y" : 0.309017,
      "z" : 0.809017
    }, {
      "x" : 1.0,
      "y" : -0.309017,
      "z" : 0.19098301
    }, {
      "x" : -0.309017,
      "y" : -0.809017,
      "z" : -0.618034
    }, {
      "x" : -1.0,
      "y" : 0.309017,
      "z" : -0.19098301
    }, {
      "x" : -1.0,
      "y" : -0.309017,
      "z" : -0.19098301
    }, {
      "x" : -1.0,
      "y" : -0.309017,
      "z" : 0.19098301
    }, {
      "x" : 0.19098301,
      "y" : 1.0,
      "z" : -0.309017
    }, {
      "x" : -0.809017,
      "y" : 0.618034,
      "z" : -0.309017
    }, {
      "x" : -0.19098301,
      "y" : 1.0,
      "z" : -0.309017
    }, {
      "x" : -0.309017,
      "y" : 0.809017,
      "z" : -0.618034
    }, {
      "x" : -0.618034,
      "y" : -0.309017,
      "z" : 0.809017
    }, {
      "x" : 0.309017,
      "y" : 0.19098301,
      "z" : 1.0
    }, {
      "x" : -0.309017,
      "y" : 0.19098301,
      "z" : -1.0
    }, {
      "x" : -0.309017,
      "y" : 0.19098301,
      "z" : 1.0
    }, {
      "x" : -0.309017,
      "y" : -0.19098301,
      "z" : 1.0
    }, {
      "x" : 0.309017,
      "y" : -0.19098301,
      "z" : 1.0
    }, {
      "x" : 0.690983,
      "y" : -0.809017,
      "z" : 0.0
    }, {
      "x" : -0.809017,
      "y" : 0.0,
      "z" : -0.690983
    }, {
      "x" : -0.618034,
      "y" : -0.309017,
      "z" : -0.809017
    }, {
      "x" : -0.309017,
      "y" : -0.19098301,
      "z" : -1.0
    }, {
      "x" : -0.618034,
      "y" : 0.309017,
      "z" : -0.809017
    }, {
      "x" : -0.809017,
      "y" : -0.618034,
      "z" : -0.309017
    } ],
    "faces" : [ {
      "vertices" : [ 9, 40, 35, 34, 10 ]
    }, {
      "vertices" : [ 0, 1, 2 ]
    }, {
      "vertices" : [ 33, 51, 49 ]
    }, {
      "vertices" : [ 25, 36, 37, 38 ]
    }, {
      "vertices" : [ 41, 55, 42 ]
    }, {
      "vertices" : [ 9, 32, 59, 40 ]
    }, {
      "vertices" : [ 20, 21, 52, 48 ]
    }, {
      "vertices" : [ 26, 33, 30, 29, 27 ]
    }, {
      "vertices" : [ 3, 4, 5, 6 ]
    }, {
      "vertices" : [ 27, 29, 44, 46 ]
    }, {
      "vertices" : [ 50, 57, 56, 55, 58 ]
    }, {
      "vertices" : [ 26, 38, 51, 33 ]
    }, {
      "vertices" : [ 45, 47, 58 ]
    }, {
      "vertices" : [ 18, 28, 57, 50 ]
    }, {
      "vertices" : [ 40, 59, 56 ]
    }, {
      "vertices" : [ 31, 48, 37, 43 ]
    }, {
      "vertices" : [ 7, 8, 9, 10 ]
    }, {
      "vertices" : [ 36, 41, 42, 43 ]
    }, {
      "vertices" : [ 24, 46, 47, 45 ]
    }, {
      "vertices" : [ 4, 30, 5 ]
    }, {
      "vertices" : [ 15, 47, 46, 44, 16 ]
    }, {
      "vertices" : [ 15, 50, 58, 47 ]
    }, {
      "vertices" : [ 24, 45, 41, 36, 25 ]
    }, {
      "vertices" : [ 11, 14, 19 ]
    }, {
      "vertices" : [ 3, 6, 39 ]
    }, {
      "vertices" : [ 1, 39, 6, 2 ]
    }, {
      "vertices" : [ 8, 32, 9 ]
    }, {
      "vertices" : [ 11, 12, 13, 14 ]
    }, {
      "vertices" : [ 16, 22, 17 ]
    }, {
      "vertices" : [ 0, 21, 20, 8, 7 ]
    }, {
      "vertices" : [ 12, 34, 13 ]
    }, {
      "vertices" : [ 35, 40, 56, 57 ]
    }, {
      "vertices" : [ 0, 7, 54, 1 ]
    }, {
      "vertices" : [ 15, 16, 17, 18 ]
    }, {
      "vertices" : [ 3, 19, 22, 23, 4 ]
    }, {
      "vertices" : [ 7, 10, 54 ]
    }, {
      "vertices" : [ 41, 45, 58, 55 ]
    }, {
      "vertices" : [ 3, 39, 11, 19 ]
    }, {
      "vertices" : [ 14, 17, 22, 19 ]
    }, {
      "vertices" : [ 0, 2, 53, 21 ]
    }, {
      "vertices" : [ 49, 51, 52, 53 ]
    }, {
      "vertices" : [ 31, 43, 42, 59, 32 ]
    }, {
      "vertices" : [ 15, 18, 50 ]
    }, {
      "vertices" : [ 42, 55, 56, 59 ]
    }, {
      "vertices" : [ 4, 23, 29, 30 ]
    }, {
      "vertices" : [ 25, 38, 26 ]
    }, {
      "vertices" : [ 13, 28, 18, 17, 14 ]
    }, {
      "vertices" : [ 8, 20, 31, 32 ]
    }, {
      "vertices" : [ 23, 44, 29 ]
    }, {
      "vertices" : [ 24, 27, 46 ]
    }, {
      "vertices" : [ 37, 48, 52, 51, 38 ]
    }, {
      "vertices" : [ 20, 48, 31 ]
    }, {
      "vertices" : [ 24, 25, 26, 27 ]
    }, {
      "vertices" : [ 16, 44, 23, 22 ]
    }, {
      "vertices" : [ 13, 34, 35, 28 ]
    }, {
      "vertices" : [ 10, 34, 12, 54 ]
    }, {
      "vertices" : [ 2, 6, 5, 49, 53 ]
    }, {
      "vertices" : [ 36, 43, 37 ]
    }, {
      "vertices" : [ 5, 30, 33, 49 ]
    }, {
      "vertices" : [ 1, 54, 12, 11, 39 ]
    }, {
      "vertices" : [ 28, 35, 57 ]
    }, {
      "vertices" : [ 21, 53, 52 ]
    } ]
  }, {
    "id" : "2feb2014-e8e0-4c87-aac6-2a1e3c0f7eaf",
    "vertices" : [ {
      "x" : 0.0,
      "y" : 0.0,
      "z" : 0.0
    }, {
      "x" : 0.0,
      "y" : 0.0,
      "z" : 8.472136
    }, {
      "x" : 2.618034,
      "y" : -4.236068,
      "z" : 15.326238
    }, {
      "x" : 6.854102,
      "y" : -11.09017,
      "z" : 17.944271
    }, {
      "x" : 11.09017,
      "y" : -17.944271,
      "z" : 15.326238
    }, {
      "x" : 13.708204,
      "y" : -22.18034,
      "z" : 8.472136
    }, {
      "x" : 13.708204,
      "y" : -22.18034,
      "z" : 0.0
    }, {
      "x" : 11.09017,
      "y" : -17.944271,
      "z" : -6.854102
    }, {
      "x" : 6.854102,
      "y" : -11.09017,
      "z" : -9.472136
    }, {
      "x" : 2.618034,
      "y" : -4.236068,
      "z" : -6.854102
    } ],
    "faces" : [ {
      "vertices" : [ 0, 1, 2, 3, 4, 5, 6, 7, 8, 9 ]
    }, {
      "vertices" : [ 0, 9, 8, 7, 6, 5, 4, 3, 2, 1 ]
    } ]
  }, {
    "id" : "9f05edf7-d1dd-4120-a957-ed3f058224fc",
    "vertices" : [ {
      "x" : 0.0,
      "y" : 0.0,
      "z" : 0.0
    }, {
      "x" : 4.236068,
      "y" : -6.854102,
      "z" : -2.618034
    }, {
      "x" : 6.854102,
      "y" : -11.09017,
      "z" : -9.472136
    }, {
      "x" : 6.854102,
      "y" : -11.09017,
      "z" : -17.944271
    }, {
      "x" : 4.236068,
      "y" : -6.854102,
      "z" : -24.798374
    }, {
      "x" : 0.0,
      "y" : 0.0,
      "z" : -27.416409
    }, {
      "x" : -4.236068,
      "y" : 6.854102,
      "z" : -24.798374
    }, {
      "x" : -6.854102,
      "y" : 11.09017,
      "z" : -17.944271
    }, {
      "x" : -6.854102,
      "y" : 11.09017,
      "z" : -9.472136
    }, {
      "x" : -4.236068,
      "y" : 6.854102,
      "z" : -2.618034
    } ],
    "faces" : [ {
      "vertices" : [ 0, 1, 2, 3, 4, 5, 6, 7, 8, 9 ]
    }, {
      "vertices" : [ 0, 9, 8, 7, 6, 5, 4, 3, 2, 1 ]
    } ]
  }, {
    "id" : "a880173a-1e9f-4537-8967-2a8f116cc0f6",
    "vertices" : [ {
      "x" : 0.0,
      "y" : 0.0,
      "z" : 0.0
    }, {
      "x" : 0.0,
      "y" : 0.0,
      "z" : -8.472136
    }, {
      "x" : -2.618034,
      "y" : 4.236068,
      "z" : -15.326238
    }, {
      "x" : -6.854102,
      "y" : 11.09017,
      "z" : -17.944271
    }, {
      "x" : -11.09017,
      "y" : 17.944271,
      "z" : -15.326238
    }, {
      "x" : -13.708204,
      "y" : 22.18034,
      "z" : -8.472136
    }, {
      "x" : -13.708204,
      "y" : 22.18034,
      "z" : 0.0
    }, {
      "x" : -11.09017,
      "y" : 17.944271,
      "z" : 6.854102
    }, {
      "x" : -6.854102,
      "y" : 11.09017,
      "z" : 9.472136
    }, {
      "x" : -2.618034,
      "y" : 4.236068,
      "z" : 6.854102
    } ],
    "faces" : [ {
      "vertices" : [ 0, 1, 2, 3, 4, 5, 6, 7, 8, 9 ]
    }, {
      "vertices" : [ 0, 9, 8, 7, 6, 5, 4, 3, 2, 1 ]
    } ]
  }, {
    "id" : "d78ac3ef-d640-46e5-aac9-6e6c5fe2978c",
    "vertices" : [ {
      "x" : 0.0,
      "y" : 0.0,
      "z" : 0.0
    }, {
      "x" : 2.618034,
      "y" : -4.236068,
      "z" : 6.854102
    }, {
      "x" : 6.854102,
      "y" : -11.09017,
      "z" : 9.472136
    }, {
      "x" : 11.09017,
      "y" : -17.944271,
      "z" : 6.854102
    }, {
      "x" : 13.708204,
      "y" : -22.18034,
      "z" : 0.0
    }, {
      "x" : 13.708204,
      "y" : -22.18034,
      "z" : -8.472136
    }, {
      "x" : 11.09017,
      "y" : -17.944271,
      "z" : -15.326238
    }, {
      "x" : 6.854102,
      "y" : -11.09017,
      "z" : -17.944271
    }, {
      "x" : 2.618034,
      "y" : -4.236068,
      "z" : -15.326238
    }, {
      "x" : 0.0,
      "y" : 0.0,
      "z" : -8.472136
    } ],
    "faces" : [ {
      "vertices" : [ 0, 1, 2, 3, 4, 5, 6, 7, 8, 9 ]
    }, {
      "vertices" : [ 0, 9, 8, 7, 6, 5, 4, 3, 2, 1 ]
    } ]
  }, {
    "id" : "0e72507d-fd5e-452d-a8c6-b08ecf1c48d2",
    "vertices" : [ {
      "x" : 0.0,
      "y" : 0.0,
      "z" : 0.0
    }, {
      "x" : 4.236068,
      "y" : -6.854102,
      "z" : 2.618034
    }, {
      "x" : 8.472136,
      "y" : -13.708204,
      "z" : 0.0
    }, {
      "x" : 11.09017,
      "y" : -17.944271,
      "z" : -6.854102
    }, {
      "x" : 11.09017,
      "y" : -17.944271,
      "z" : -15.326238
    }, {
      "x" : 8.472136,
      "y" : -13.708204,
      "z" : -22.18034
    }, {
      "x" : 4.236068,
      "y" : -6.854102,
      "z" : -24.798374
    }, {
      "x" : 0.0,
      "y" : 0.0,
      "z" : -22.18034
    }, {
      "x" : -2.618034,
      "y" : 4.236068,
      "z" : -15.326238
    }, {
      "x" : -2.618034,
      "y" : 4.236068,
      "z" : -6.854102
    } ],
    "faces" : [ {
      "vertices" : [ 0, 1, 2, 3, 4, 5, 6, 7, 8, 9 ]
    }, {
      "vertices" : [ 0, 9, 8, 7, 6, 5, 4, 3, 2, 1 ]
    } ]
  }, {
    "id" : "98aba1e5-8208-40e9-9d2d-a3bb70f379ec",
    "vertices" : [ {
      "x" : 0.0,
      "y" : 0.0,
      "z" : 0.0
    }, {
      "x" : -2.618034,
      "y" : 4.236068,
      "z" : 6.854102
    }, {
      "x" : -2.618034,
      "y" : 4.236068,
      "z" : 15.326238
    }, {
      "x" : 0.0,
      "y" : 0.0,
      "z" : 22.18034
    }, {
      "x" : 4.236068,
      "y" : -6.854102,
      "z" : 24.798374
    }, {
      "x" : 8.472136,
      "y" : -13.708204,
      "z" : 22.18034
    }, {
      "x" : 11.09017,
      "y" : -17.944271,
      "z" : 15.326238
    }, {
      "x" : 11.09017,
      "y" : -17.944271,
      "z" : 6.854102
    }, {
      "x" : 8.472136,
      "y" : -13.708204,
      "z" : 0.0
    }, {
      "x" : 4.236068,
      "y" : -6.854102,
      "z" : -2.618034
    } ],
    "faces" : [ {
      "vertices" : [ 0, 1, 2, 3, 4, 5, 6, 7, 8, 9 ]
    }, {
      "vertices" : [ 0, 9, 8, 7, 6, 5, 4, 3, 2, 1 ]
    } ]
  }, {
    "id" : "9fb3065e-4427-47af-8b32-98873e0ad141",
    "vertices" : [ {
      "x" : 0.0,
      "y" : 0.0,
      "z" : 0.0
    }, {
      "x" : -2.618034,
      "y" : 4.236068,
      "z" : -6.854102
    }, {
      "x" : -6.854102,
      "y" : 11.09017,
      "z" : -9.472136
    }, {
      "x" : -11.09017,
      "y" : 17.944271,
      "z" : -6.854102
    }, {
      "x" : -13.708204,
      "y" : 22.18034,
      "z" : 0.0
    }, {
      "x" : -13.708204,
      "y" : 22.18034,
      "z" : 8.472136
    }, {
      "x" : -11.09017,
      "y" : 17.944271,
      "z" : 15.326238
    }, {
      "x" : -6.854102,
      "y" : 11.09017,
      "z" : 17.944271
    }, {
      "x" : -2.618034,
      "y" : 4.236068,
      "z" : 15.326238
    }, {
      "x" : 0.0,
      "y" : 0.0,
      "z" : 8.472136
    } ],
    "faces" : [ {
      "vertices" : [ 0, 1, 2, 3, 4, 5, 6, 7, 8, 9 ]
    }, {
      "vertices" : [ 0, 9, 8, 7, 6, 5, 4, 3, 2, 1 ]
    } ]
  } ],
  "instances" : [ {
    "shape" : "83e03ccf-b7a6-480c-96b1-aa15e2407f2f",
    "color" : "#008EC2",
    "position" : {
      "x" : -2.618034,
      "y" : -26.416409,
      "z" : 15.326238
    },
    "orientation" : 51
  }, {
    "shape" : "83e03ccf-b7a6-480c-96b1-aa15e2407f2f",
    "color" : "#008EC2",
    "position" : {
      "x" : -4.236068,
      "y" : -1.618034,
      "z" : 11.09017
    },
    "orientation" : 8
  }, {
    "shape" : "c2c74283-22a7-4b27-91d5-a1bfd4a17717",
    "color" : "#FFFFFF",
    "position" : {
      "x" : -4.236068,
      "y" : -29.034441,
      "z" : -2.618034
    }
  }, {
    "shape" : "83e03ccf-b7a6-480c-96b1-aa15e2407f2f",
    "color" : "#008EC2",
    "position" : {
      "x" : 2.618034,
      "y" : -4.236068,
      "z" : -6.854102
    },
    "orientation" : 7
  }, {
    "shape" : "c2c74283-22a7-4b27-91d5-a1bfd4a17717",
    "color" : "#FFFFFF",
    "position" : {
      "x" : -11.09017,
      "y" : -17.944271,
      "z" : 15.326238
    }
  }, {
    "shape" : "83e03ccf-b7a6-480c-96b1-aa15e2407f2f",
    "color" : "#008EC2",
    "position" : {
      "x" : 13.708204,
      "y" : -8.472136,
      "z" : 0.0
    },
    "orientation" : 7
  }, {
    "shape" : "83e03ccf-b7a6-480c-96b1-aa15e2407f2f",
    "color" : "#008EC2",
    "position" : {
      "x" : 6.854102,
      "y" : -19.562305,
      "z" : 17.944271
    },
    "orientation" : 36
  }, {
    "shape" : "83e03ccf-b7a6-480c-96b1-aa15e2407f2f",
    "color" : "#008EC2",
    "position" : {
      "x" : 11.09017,
      "y" : -4.236068,
      "z" : 6.854102
    },
    "orientation" : 38
  }, {
    "shape" : "c2c74283-22a7-4b27-91d5-a1bfd4a17717",
    "color" : "#FFFFFF",
    "position" : {
      "x" : 6.854102,
      "y" : -11.09017,
      "z" : -9.472136
    }
  }, {
    "shape" : "c2c74283-22a7-4b27-91d5-a1bfd4a17717",
    "color" : "#FFFFFF",
    "position" : {
      "x" : 11.09017,
      "y" : -26.416409,
      "z" : 1.618034
    }
  }, {
    "shape" : "c2c74283-22a7-4b27-91d5-a1bfd4a17717",
    "color" : "#FFFFFF",
    "position" : {
      "x" : 0.0,
      "y" : 0.0,
      "z" : 0.0
    }
  }, {
    "shape" : "83e03ccf-b7a6-480c-96b1-aa15e2407f2f",
    "color" : "#008EC2",
    "position" : {
      "x" : 2.618034,
      "y" : -4.236068,
      "z" : 15.326238
    },
    "orientation" : 21
  }, {
    "shape" : "83e03ccf-b7a6-480c-96b1-aa15e2407f2f",
    "color" : "#008EC2",
    "position" : {
      "x" : 11.09017,
      "y" : -12.708204,
      "z" : 15.326238
    },
    "orientation" : 39
  }, {
    "shape" : "83e03ccf-b7a6-480c-96b1-aa15e2407f2f",
    "color" : "#008EC2",
    "position" : {
      "x" : 0.0,
      "y" : -30.652475,
      "z" : 0.0
    },
    "orientation" : 52
  }, {
    "shape" : "c2c74283-22a7-4b27-91d5-a1bfd4a17717",
    "color" : "#FFFFFF",
    "position" : {
      "x" : 11.09017,
      "y" : -4.236068,
      "z" : 6.854102
    }
  }, {
    "shape" : "83e03ccf-b7a6-480c-96b1-aa15e2407f2f",
    "color" : "#008EC2",
    "position" : {
      "x" : 0.0,
      "y" : 0.0,
      "z" : 0.0
    },
    "orientation" : 2
  }, {
    "shape" : "c2c74283-22a7-4b27-91d5-a1bfd4a17717",
    "color" : "#FFFFFF",
    "position" : {
      "x" : -2.618034,
      "y" : -4.236068,
      "z" : -6.854102
    }
  }, {
    "shape" : "83e03ccf-b7a6-480c-96b1-aa15e2407f2f",
    "color" : "#008EC2",
    "position" : {
      "x" : -2.618034,
      "y" : -4.236068,
      "z" : 15.326238
    },
    "orientation" : 39
  }, {
    "shape" : "83e03ccf-b7a6-480c-96b1-aa15e2407f2f",
    "color" : "#008EC2",
    "position" : {
      "x" : -2.618034,
      "y" : -26.416409,
      "z" : -6.854102
    },
    "orientation" : 37
  }, {
    "shape" : "83e03ccf-b7a6-480c-96b1-aa15e2407f2f",
    "color" : "#008EC2",
    "position" : {
      "x" : -2.618034,
      "y" : -4.236068,
      "z" : 15.326238
    },
    "orientation" : 52
  }, {
    "shape" : "83e03ccf-b7a6-480c-96b1-aa15e2407f2f",
    "color" : "#008EC2",
    "position" : {
      "x" : -11.09017,
      "y" : -4.236068,
      "z" : 6.854102
    },
    "orientation" : 22
  }, {
    "shape" : "83e03ccf-b7a6-480c-96b1-aa15e2407f2f",
    "color" : "#008EC2",
    "position" : {
      "x" : 0.0,
      "y" : -30.652475,
      "z" : 0.0
    },
    "orientation" : 2
  }, {
    "shape" : "83e03ccf-b7a6-480c-96b1-aa15e2407f2f",
    "color" : "#008EC2",
    "position" : {
      "x" : 2.618034,
      "y" : -26.416409,
      "z" : 15.326238
    },
    "orientation" : 53
  }, {
    "shape" : "83e03ccf-b7a6-480c-96b1-aa15e2407f2f",
    "color" : "#008EC2",
    "position" : {
      "x" : -4.236068,
      "y" : -15.326238,
      "z" : -11.09017
    },
    "orientation" : 0
  }, {
    "shape" : "83e03ccf-b7a6-480c-96b1-aa15e2407f2f",
    "color" : "#008EC2",
    "position" : {
      "x" : 2.618034,
      "y" : -26.416409,
      "z" : 15.326238
    },
    "orientation" : 22
  }, {
    "shape" : "83e03ccf-b7a6-480c-96b1-aa15e2407f2f",
    "color" : "#008EC2",
    "position" : {
      "x" : 4.236068,
      "y" : -29.034441,
      "z" : 11.09017
    },
    "orientation" : 45
  }, {
    "shape" : "83e03ccf-b7a6-480c-96b1-aa15e2407f2f",
    "color" : "#008EC2",
    "position" : {
      "x" : 4.236068,
      "y" : -15.326238,
      "z" : -11.09017
    },
    "orientation" : 8
  }, {
    "shape" : "83e03ccf-b7a6-480c-96b1-aa15e2407f2f",
    "color" : "#008EC2",
    "position" : {
      "x" : 6.854102,
      "y" : -19.562305,
      "z" : -9.472136
    },
    "orientation" : 1
  }, {
    "shape" : "c2c74283-22a7-4b27-91d5-a1bfd4a17717",
    "color" : "#FFFFFF",
    "position" : {
      "x" : -4.236068,
      "y" : -15.326238,
      "z" : -11.09017
    }
  }, {
    "shape" : "83e03ccf-b7a6-480c-96b1-aa15e2407f2f",
    "color" : "#008EC2",
    "position" : {
      "x" : 6.854102,
      "y" : -19.562305,
      "z" : 17.944271
    },
    "orientation" : 1
  }, {
    "shape" : "83e03ccf-b7a6-480c-96b1-aa15e2407f2f",
    "color" : "#008EC2",
    "position" : {
      "x" : 0.0,
      "y" : -30.652475,
      "z" : 8.472136
    },
    "orientation" : 7
  }, {
    "shape" : "83e03ccf-b7a6-480c-96b1-aa15e2407f2f",
    "color" : "#008EC2",
    "position" : {
      "x" : -2.618034,
      "y" : -26.416409,
      "z" : 15.326238
    },
    "orientation" : 26
  }, {
    "shape" : "83e03ccf-b7a6-480c-96b1-aa15e2407f2f",
    "color" : "#008EC2",
    "position" : {
      "x" : -6.854102,
      "y" : -11.09017,
      "z" : 17.944271
    },
    "orientation" : 16
  }, {
    "shape" : "2feb2014-e8e0-4c87-aac6-2a1e3c0f7eaf",
    "color" : "#EC888B",
    "position" : {
      "x" : 0.0,
      "y" : -30.652475,
      "z" : 0.0
    },
    "orientation" : 30
  }, {
    "shape" : "c2c74283-22a7-4b27-91d5-a1bfd4a17717",
    "color" : "#FFFFFF",
    "position" : {
      "x" : -4.236068,
      "y" : -1.618034,
      "z" : 11.09017
    }
  }, {
    "shape" : "c2c74283-22a7-4b27-91d5-a1bfd4a17717",
    "color" : "#FFFFFF",
    "position" : {
      "x" : 11.09017,
      "y" : -26.416409,
      "z" : 6.854102
    }
  }, {
    "shape" : "83e03ccf-b7a6-480c-96b1-aa15e2407f2f",
    "color" : "#008EC2",
    "position" : {
      "x" : 15.326238,
      "y" : -11.09017,
      "z" : 4.236068
    },
    "orientation" : 51
  }, {
    "shape" : "83e03ccf-b7a6-480c-96b1-aa15e2407f2f",
    "color" : "#008EC2",
    "position" : {
      "x" : 13.708204,
      "y" : -8.472136,
      "z" : 0.0
    },
    "orientation" : 2
  }, {
    "shape" : "83e03ccf-b7a6-480c-96b1-aa15e2407f2f",
    "color" : "#008EC2",
    "position" : {
      "x" : -11.09017,
      "y" : -26.416409,
      "z" : 1.618034
    },
    "orientation" : 51
  }, {
    "shape" : "83e03ccf-b7a6-480c-96b1-aa15e2407f2f",
    "color" : "#008EC2",
    "position" : {
      "x" : -13.708204,
      "y" : -22.18034,
      "z" : 8.472136
    },
    "orientation" : 10
  }, {
    "shape" : "c2c74283-22a7-4b27-91d5-a1bfd4a17717",
    "color" : "#FFFFFF",
    "position" : {
      "x" : -4.236068,
      "y" : -15.326238,
      "z" : 19.562305
    }
  }, {
    "shape" : "83e03ccf-b7a6-480c-96b1-aa15e2407f2f",
    "color" : "#008EC2",
    "position" : {
      "x" : 11.09017,
      "y" : -12.708204,
      "z" : 15.326238
    },
    "orientation" : 41
  }, {
    "shape" : "83e03ccf-b7a6-480c-96b1-aa15e2407f2f",
    "color" : "#008EC2",
    "position" : {
      "x" : -2.618034,
      "y" : -4.236068,
      "z" : 15.326238
    },
    "orientation" : 23
  }, {
    "shape" : "83e03ccf-b7a6-480c-96b1-aa15e2407f2f",
    "color" : "#008EC2",
    "position" : {
      "x" : 13.708204,
      "y" : -22.18034,
      "z" : 8.472136
    },
    "orientation" : 22
  }, {
    "shape" : "83e03ccf-b7a6-480c-96b1-aa15e2407f2f",
    "color" : "#008EC2",
    "position" : {
      "x" : 4.236068,
      "y" : -1.618034,
      "z" : -2.618034
    },
    "orientation" : 8
  }, {
    "shape" : "9f05edf7-d1dd-4120-a957-ed3f058224fc",
    "color" : "#EC888B",
    "position" : {
      "x" : 4.236068,
      "y" : -1.618034,
      "z" : 11.09017
    },
    "orientation" : 2
  }, {
    "shape" : "83e03ccf-b7a6-480c-96b1-aa15e2407f2f",
    "color" : "#008EC2",
    "position" : {
      "x" : -6.854102,
      "y" : -11.09017,
      "z" : -9.472136
    },
    "orientation" : 39
  }, {
    "shape" : "c2c74283-22a7-4b27-91d5-a1bfd4a17717",
    "color" : "#FFFFFF",
    "position" : {
      "x" : -2.618034,
      "y" : -4.236068,
      "z" : 15.326238
    }
  }, {
    "shape" : "83e03ccf-b7a6-480c-96b1-aa15e2407f2f",
    "color" : "#008EC2",
    "position" : {
      "x" : -4.236068,
      "y" : -29.034441,
      "z" : -2.618034
    },
    "orientation" : 38
  }, {
    "shape" : "c2c74283-22a7-4b27-91d5-a1bfd4a17717",
    "color" : "#FFFFFF",
    "position" : {
      "x" : -15.326238,
      "y" : -19.562305,
      "z" : 4.236068
    }
  }, {
    "shape" : "c2c74283-22a7-4b27-91d5-a1bfd4a17717",
    "color" : "#FFFFFF",
    "position" : {
      "x" : 13.708204,
      "y" : -8.472136,
      "z" : 0.0
    }
  }, {
    "shape" : "83e03ccf-b7a6-480c-96b1-aa15e2407f2f",
    "color" : "#008EC2",
    "position" : {
      "x" : -11.09017,
      "y" : -12.708204,
      "z" : 15.326238
    },
    "orientation" : 8
  }, {
    "shape" : "a880173a-1e9f-4537-8967-2a8f116cc0f6",
    "color" : "#EC888B",
    "position" : {
      "x" : 13.708204,
      "y" : -8.472136,
      "z" : 0.0
    },
    "orientation" : 15
  }, {
    "shape" : "c2c74283-22a7-4b27-91d5-a1bfd4a17717",
    "color" : "#FFFFFF",
    "position" : {
      "x" : -11.09017,
      "y" : -17.944271,
      "z" : -6.854102
    }
  }, {
    "shape" : "83e03ccf-b7a6-480c-96b1-aa15e2407f2f",
    "color" : "#008EC2",
    "position" : {
      "x" : -15.326238,
      "y" : -11.09017,
      "z" : 4.236068
    },
    "orientation" : 16
  }, {
    "shape" : "c2c74283-22a7-4b27-91d5-a1bfd4a17717",
    "color" : "#FFFFFF",
    "position" : {
      "x" : 4.236068,
      "y" : -1.618034,
      "z" : 11.09017
    }
  }, {
    "shape" : "c2c74283-22a7-4b27-91d5-a1bfd4a17717",
    "color" : "#FFFFFF",
    "position" : {
      "x" : 0.0,
      "y" : -30.652475,
      "z" : 8.472136
    }
  }, {
    "shape" : "83e03ccf-b7a6-480c-96b1-aa15e2407f2f",
    "color" : "#008EC2",
    "position" : {
      "x" : -4.236068,
      "y" : -1.618034,
      "z" : -2.618034
    },
    "orientation" : 26
  }, {
    "shape" : "83e03ccf-b7a6-480c-96b1-aa15e2407f2f",
    "color" : "#008EC2",
    "position" : {
      "x" : 11.09017,
      "y" : -26.416409,
      "z" : 1.618034
    },
    "orientation" : 53
  }, {
    "shape" : "83e03ccf-b7a6-480c-96b1-aa15e2407f2f",
    "color" : "#008EC2",
    "position" : {
      "x" : -11.09017,
      "y" : -17.944271,
      "z" : -6.854102
    },
    "orientation" : 40
  }, {
    "shape" : "c2c74283-22a7-4b27-91d5-a1bfd4a17717",
    "color" : "#FFFFFF",
    "position" : {
      "x" : -15.326238,
      "y" : -11.09017,
      "z" : 4.236068
    }
  }, {
    "shape" : "c2c74283-22a7-4b27-91d5-a1bfd4a17717",
    "color" : "#FFFFFF",
    "position" : {
      "x" : 4.236068,
      "y" : -15.326238,
      "z" : 19.562305
    }
  }, {
    "shape" : "c2c74283-22a7-4b27-91d5-a1bfd4a17717",
    "color" : "#FFFFFF",
    "position" : {
      "x" : -6.854102,
      "y" : -11.09017,
      "z" : -9.472136
    }
  }, {
    "shape" : "83e03ccf-b7a6-480c-96b1-aa15e2407f2f",
    "color" : "#008EC2",
    "position" : {
      "x" : 11.09017,
      "y" : -12.708204,
      "z" : 15.326238
    },
    "orientation" : 52
  }, {
    "shape" : "83e03ccf-b7a6-480c-96b1-aa15e2407f2f",
    "color" : "#008EC2",
    "position" : {
      "x" : 15.326238,
      "y" : -19.562305,
      "z" : 4.236068
    },
    "orientation" : 39
  }, {
    "shape" : "c2c74283-22a7-4b27-91d5-a1bfd4a17717",
    "color" : "#FFFFFF",
    "position" : {
      "x" : -2.618034,
      "y" : -26.416409,
      "z" : 15.326238
    }
  }, {
    "shape" : "83e03ccf-b7a6-480c-96b1-aa15e2407f2f",
    "color" : "#008EC2",
    "position" : {
      "x" : 6.854102,
      "y" : -19.562305,
      "z" : -9.472136
    },
    "orientation" : 39
  }, {
    "shape" : "c2c74283-22a7-4b27-91d5-a1bfd4a17717",
    "color" : "#FFFFFF",
    "position" : {
      "x" : -13.708204,
      "y" : -22.18034,
      "z" : 8.472136
    }
  }, {
    "shape" : "c2c74283-22a7-4b27-91d5-a1bfd4a17717",
    "color" : "#FFFFFF",
    "position" : {
      "x" : 4.236068,
      "y" : -29.034441,
      "z" : -2.618034
    }
  }, {
    "shape" : "83e03ccf-b7a6-480c-96b1-aa15e2407f2f",
    "color" : "#008EC2",
    "position" : {
      "x" : 13.708204,
      "y" : -22.18034,
      "z" : 0.0
    },
    "orientation" : 40
  }, {
    "shape" : "83e03ccf-b7a6-480c-96b1-aa15e2407f2f",
    "color" : "#008EC2",
    "position" : {
      "x" : -11.09017,
      "y" : -26.416409,
      "z" : 1.618034
    },
    "orientation" : 7
  }, {
    "shape" : "83e03ccf-b7a6-480c-96b1-aa15e2407f2f",
    "color" : "#008EC2",
    "position" : {
      "x" : -4.236068,
      "y" : -1.618034,
      "z" : 11.09017
    },
    "orientation" : 0
  }, {
    "shape" : "83e03ccf-b7a6-480c-96b1-aa15e2407f2f",
    "color" : "#008EC2",
    "position" : {
      "x" : -13.708204,
      "y" : -22.18034,
      "z" : 0.0
    },
    "orientation" : 2
  }, {
    "shape" : "c2c74283-22a7-4b27-91d5-a1bfd4a17717",
    "color" : "#FFFFFF",
    "position" : {
      "x" : -2.618034,
      "y" : -26.416409,
      "z" : -6.854102
    }
  }, {
    "shape" : "83e03ccf-b7a6-480c-96b1-aa15e2407f2f",
    "color" : "#008EC2",
    "position" : {
      "x" : 6.854102,
      "y" : -11.09017,
      "z" : 17.944271
    },
    "orientation" : 24
  }, {
    "shape" : "83e03ccf-b7a6-480c-96b1-aa15e2407f2f",
    "color" : "#008EC2",
    "position" : {
      "x" : -11.09017,
      "y" : -4.236068,
      "z" : 6.854102
    },
    "orientation" : 36
  }, {
    "shape" : "83e03ccf-b7a6-480c-96b1-aa15e2407f2f",
    "color" : "#008EC2",
    "position" : {
      "x" : -4.236068,
      "y" : -15.326238,
      "z" : 19.562305
    },
    "orientation" : 53
  }, {
    "shape" : "83e03ccf-b7a6-480c-96b1-aa15e2407f2f",
    "color" : "#008EC2",
    "position" : {
      "x" : 4.236068,
      "y" : -1.618034,
      "z" : -2.618034
    },
    "orientation" : 45
  }, {
    "shape" : "83e03ccf-b7a6-480c-96b1-aa15e2407f2f",
    "color" : "#008EC2",
    "position" : {
      "x" : 0.0,
      "y" : 0.0,
      "z" : 8.472136
    },
    "orientation" : 37
  }, {
    "shape" : "a880173a-1e9f-4537-8967-2a8f116cc0f6",
    "color" : "#EC888B",
    "position" : {
      "x" : -4.236068,
      "y" : -15.326238,
      "z" : -11.09017
    },
    "orientation" : 31
  }, {
    "shape" : "c2c74283-22a7-4b27-91d5-a1bfd4a17717",
    "color" : "#FFFFFF",
    "position" : {
      "x" : -13.708204,
      "y" : -8.472136,
      "z" : 8.472136
    }
  }, {
    "shape" : "c2c74283-22a7-4b27-91d5-a1bfd4a17717",
    "color" : "#FFFFFF",
    "position" : {
      "x" : 11.09017,
      "y" : -17.944271,
      "z" : -6.854102
    }
  }, {
    "shape" : "83e03ccf-b7a6-480c-96b1-aa15e2407f2f",
    "color" : "#008EC2",
    "position" : {
      "x" : -2.618034,
      "y" : -26.416409,
      "z" : -6.854102
    },
    "orientation" : 54
  }, {
    "shape" : "83e03ccf-b7a6-480c-96b1-aa15e2407f2f",
    "color" : "#008EC2",
    "position" : {
      "x" : 11.09017,
      "y" : -17.944271,
      "z" : 15.326238
    },
    "orientation" : 38
  }, {
    "shape" : "83e03ccf-b7a6-480c-96b1-aa15e2407f2f",
    "color" : "#008EC2",
    "position" : {
      "x" : -15.326238,
      "y" : -19.562305,
      "z" : 4.236068
    },
    "orientation" : 21
  }, {
    "shape" : "83e03ccf-b7a6-480c-96b1-aa15e2407f2f",
    "color" : "#008EC2",
    "position" : {
      "x" : -4.236068,
      "y" : -1.618034,
      "z" : 11.09017
    },
    "orientation" : 53
  }, {
    "shape" : "c2c74283-22a7-4b27-91d5-a1bfd4a17717",
    "color" : "#FFFFFF",
    "position" : {
      "x" : 13.708204,
      "y" : -8.472136,
      "z" : 8.472136
    }
  }, {
    "shape" : "c2c74283-22a7-4b27-91d5-a1bfd4a17717",
    "color" : "#FFFFFF",
    "position" : {
      "x" : -4.236068,
      "y" : -1.618034,
      "z" : -2.618034
    }
  }, {
